 %%%%%%%%%%%%%%%%%%%%%%%%%%%%%%%%%%%%%%%%%%%%%%%%%%%%%%%%%%%%%%%%%%%%%%%%%%%%%%%%
 % Every line represents the global moments of the system, considering all particles
 % in all the domain, at a certain time. In the order (SI units):
 %
 % Time [s]
 % rho
 % ux  uy  uz
 % Pxx  Pxy  Pxz  Pyy  Pyz  Pzz
 % qx  qy  qz
 % Qxxx  Qxxy  Qxyy  Qyyy  Qyyz  Qyzz  Qzzz  Qxxz  Qxzz  Qxyz
 % Riijj
 % Rxxjj  Rxyjj  Rxzjj  Ryyjj  Ryzjj  Rzzjj
 % Sxiijj  Syiijj  Sziijj
 %%%%%%%%%%%%%%%%%%%%%%%%%%%%%%%%%%%%%%%%%%%%%%%%%%%%%%%%%%%%%%%%%%%%%%%%%%%%%%%%
   0.0000000000000000        9.1093837015052454E-014   959.58475634285116       -581.46140541011869        3625.1150000050270        2.7351097392394098E-002  -2.2279661759719451E-004  -8.0594343163484277E-005  0.13777498784344921       -8.2590163214348684E-004  0.27740420988146269       -949.77978382692936        2590.3170357824847        3427.1100313835927        6.3911242269174311        446.55676493842788       -66.633989528571860        657.70611111243613        434.43883903355101        1486.0541597316130        3092.2302254845790       -99.559033134510884       -889.53691852530176       -68.467163289709262        4269967268716.2178        148972112089.02408       -1928125806.6758757        1105953263.1735628        1085021942250.6427       -15990713616.568340        3035973214376.5532       -20102117961909912.        36984813615261952.        1.1397487967865102E+017
   1.0000000000000000E-008   9.1093837015052454E-014   891.09448407382229       -814.59642623227057        641.24515229159488        6.2919428415716544E-002   1.8523725143761690E-005  -3.5966081764379369E-004  0.13875212468785875       -6.3416143014950310E-004  0.23350754790255368       -1190.5014927502916        367.64010320562767        2846.8661175411812        30.981003548746202        356.10271603348508       -627.80488668616431       -1175.8605422667613        516.38521366060559        1187.3979294389269        2569.9483052023984       -239.46740132178400       -593.67760961287343        130.25675814679158        3970907902304.1382        455723724568.13324       -2468745862.4469175       -1446418371.6570201        1094485551252.0957       -13051556203.778419        2420698626483.8843       -30165498113841564.       -37109143295109096.        71431515271836616.     
   2.0000000000000000E-008   9.1093837015052454E-014  -1342.0202048546466        1.5213288788235104        3647.8523974586574        8.5869379067878573E-002   1.6268807124204527E-004  -6.4525561589550144E-004  0.13853999285418742        2.8904497569034124E-005  0.20313357695164103       -1813.7522871883248        1701.2681653646659        1749.0127365386602       -1921.5892601842729        450.85967373664710       -431.05181941595970        1104.4084663108131        156.53974861163451        146.00002531721896        1718.0171582288888       -125.54417030184727        538.88879241192399       -769.55058846358691        3741068679537.6411        646955936773.21692        326925581.70829022       -4294790293.8225927        1093837169500.4664       -1583150723.1388154        2000275573263.9360       -33784840748910808.        4791127572186718.0        51014301729951432.     
   3.0000000000000004E-008   9.1093837015052454E-014  -962.64117783941845       -2601.7291023288922       -3770.1859068556464       0.10226692674135411        2.1771823932886382E-004  -1.1131394647955389E-004  0.13704668150276561       -3.8581719235452326E-004  0.18238366432115496       -341.46009477493652        3646.7517730449258       -368.14208094400624        64.783047326930856        637.63545908555966       -441.86868384614070        1874.8001637481318        460.16631897525497        1134.3161502112266       -1240.5894304576018        412.28103053834229        35.625541744275445       -49.492135160533259        3556466615597.9390        782275186669.33569        2680690544.3353114        2584810302.0281925        1070379324770.7041       -3949031539.5782433        1703812104157.8743       -8066238308229101.0        55130196202454688.       -13507209672399210.     
   4.0000000000000001E-008   9.1093837015052454E-014  -2315.3927061639297       -866.06333537192734        191.09228330538079       0.11219005896255312        3.2122303202101782E-004  -4.4170485075607752E-004  0.13579800185359456       -2.5791306419821388E-004  0.16616908390096202       -976.80824173281610        1579.4556228162992        166.05558703428395       -862.47489169376229       -1110.1816815798795        29.291159338096591        2264.9589620086922        290.00834171541078        424.67834238751107        529.37986926192843       -653.33262394302506       -143.62450937716932        105.22537832405621        3386159590326.2212        856150397521.88708        1431350480.6558900       -2388385538.6089897        1053646796768.7855       -5240018105.9804134        1476362396035.4829       -33327488663197300.        7634088869348930.0        1375506488426561.8     
   4.9999999999999998E-008   9.1093837015052454E-014  -1377.3917154167625       -1595.9660668585150        2063.0860128790832       0.11860136984469985        4.3212727672073170E-004   6.2049550961107699E-005  0.13395330431319713       -1.2698119337778140E-005  0.15554398670729672       -1837.0597055334840       -417.53606821219887        1192.1701314661957       -1103.2106356544116       -1050.4744960313244       -922.07525919090392        470.38912371096239        671.93839691731500        162.54930410817647       -344.00365457279503        864.23538912166566        188.22618931179488        711.06942380010719        3251682202153.6025        899644734505.95410        3737453981.0007701        2995569894.1325021        1029446163702.5961        631914037.82294464        1322591303945.0508       -44686608602574520.       -24638117150017388.        21271284276622440.     
   6.0000000000000008E-008   9.1093837015052454E-014  -1360.4486598355109        2053.4505168086780        1935.0299545302751       0.12177936854982120       -8.3081492303752329E-005  -3.9619438195425354E-004  0.13294258522996147        1.9214768250746815E-004  0.14611632943504027       -820.35865240313353        406.93738757336143        3618.2762214821773       -1049.0960964591259       -199.80255409380067       -19.835119993169236        940.41232549042093        302.65713988700367       -333.67238382324410        1554.9641654892032        1760.6549161060254        248.57256404915950       -194.13214468714858        3112300089003.3550        918175982256.28772       -1003386685.1886582       -2535482129.7306247        1004500592729.1628        2724514966.7812428        1189623514017.8970       -28220841654006968.       -24689022166137044.        62245721965876056.     
   7.0000000000000005E-008   9.1093837015052454E-014  -1110.5695185769982       -331.02573162414706        2850.2005606374150       0.12255724318830336       -3.9409596563468128E-004  -1.5907191495300169E-005  0.13168372725826302        9.9987250634939225E-005  0.13937770841687183        2578.0281636057298        628.55312742320132        3896.5777676376906        1423.3593593833136        118.41854451794386        431.51989240126204        281.35133055963604        393.24669234042233        228.78325234560080        2658.6039337370034        844.72714156024620        723.14891182113900       -88.606732548308855        2983203030877.1519        901891660489.56519       -1889924182.5450995        3883322306.0734658        983296076537.04053        1030109764.2751600        1098015293850.5253        54201009188402384.       -14054707314381914.        72271373505288800.     
   8.0000000000000002E-008   9.1093837015052454E-014  -367.23177319227386        3224.0591549747292       -1533.5831634755157       0.12295716098732380       -1.3210962577195825E-004   2.6206610499241031E-004  0.12989611162313250       -5.3918523401618082E-005  0.13505360712971115        1379.3993560633337       -536.51512205772906        686.55520493480049        1336.8552830935689       -834.23871633677527        242.67920623596569        4.6569594213620560       -182.61184063974923        293.06663485772174        175.87936833887773        693.28767723566318       -200.13513326623328        132.13454193966979        2889478028141.4834        893747092052.17395       -1234756281.6818686        7320085335.1798878        954067501177.87292       -52177533.516845986        1041663434911.3792        21506682812781128.       -25081120254398408.        3478308571434535.0     
   8.9999999999999999E-008   9.1093837015052454E-014   3599.6325415832866       -597.42731191376879       -1047.9298828599378       0.12330716903567326       -3.9665890873696305E-004   4.7399987168238173E-004  0.12779849015026581       -1.9767359960233845E-004  0.13101763156541565        2612.6384652866641       -1212.0572483912485        2231.4285560329804        1598.1592615708357       -876.62686003010572        910.52589374235890       -582.01971808694441        331.11960202279943        246.58932972584495        1301.5234875632423        598.78546644696667        103.95330997350865        377.41787117986217        2800562407866.9600        891131168453.19629       -4310926406.0737972        5275115655.6169825        928931171938.89404       -1358695976.7763507        980500067474.90466        46646368570650704.       -32147696976201004.        56108284606904512.     
   9.9999999999999995E-008   9.1093837015052454E-014   5840.6945635977972       -5146.9193913257950       -1625.9082470153930       0.12292804763229973        1.5810295885917668E-004   7.6378772054117050E-004  0.12474565128661480       -6.2612100905990429E-004  0.12842422671647019        873.62449700376237       -745.37067029688046        623.03192764673520        673.81036126510514       -1008.2708502848617        711.41506272171557        642.58897374993910       -251.62032733805148       -379.68879376197106        650.98961030921532        223.66264467555459       -511.60092698303856        122.27083484117200        2706584576697.8423        875019813395.12500        4507670847.4751005        9489778870.8953514        890135111178.83582       -3960713601.7341514        941429652123.87183        12381315116920538.       -29026383640136776.        31070144443272536.     
   1.1000000000000001E-007   9.1093837015052454E-014   6690.5169083216315       -4017.4488392566491       -5395.1311717893086       0.12284966785020479        2.8208647437407764E-004   4.2684284907859354E-004  0.12275464263575590       -4.2158989752642665E-004  0.12568329546537230        816.86553112724357       -931.74808750591455        623.03492554365221       -96.960511558574709       -1255.9415386655708        1079.0269699250903        643.29568119948033        53.440210050839489       -319.10223003981690        389.39383862487574        180.20087686791314       -165.20092723927240       -25.088146325165191        2632934141517.3696        867743449287.08813        5664947885.2962561        6189292564.1701546        864384812343.53442       -154611441.58423352        900805879886.72314       -10142989263008336.       -27951350785212684.        32105117082888976.     
   1.2000000000000002E-007   9.1093837015052454E-014   8137.6140718459246        602.56924018804921        1177.3117833496997       0.12113029133106124        7.6408376586150980E-005   1.2510434935306198E-004  0.12109646885334946        1.7537232530734161E-004  0.12307505323982676        1710.9760937851763       -943.55580310976018        1762.8368680092769        1150.2644631653873       -1535.9035735712339        1474.1368647481927        136.36440056587278        552.71524009277880        455.98336989560880        1210.4650159843443      -0.34338806786547610       -913.42523412840058       -82.492347722677110        2542709112251.1055        838447801819.07483        1482672181.6273479        2716422031.5005269        843681058575.26575        3931088642.8279285        860580251856.74646        14119336110049298.       -37585004307142368.        44003832728375752.     
   1.3000000000000000E-007   9.1093837015052454E-014   2599.4268928668534       -749.62136069068322        2201.0782807012747       0.11913797382637732       -4.1174150586135077E-004  -2.7101240068151509E-004  0.12001811446894867        1.4485683264432955E-004  0.12100998309407586        4394.1456849120896        421.67965177820003       -683.65815488046610        2942.2549964530822       -239.21185438080028        1269.9925552754632       -557.92227714315254       -657.51609724098660        1218.8137833021574       -488.98914227327020        462.84708463383561        181.89813318359381       -499.45458507177727        2473606441385.3008        816181188251.06836       -2290426836.4824295       -4311553409.2659960        824578361232.72522        2552344406.6194477        832846891901.49451        66246178837381720.       -10222550026305368.       -14107360263154498.     
   1.4000000000000001E-007   9.1093837015052454E-014   4114.2094923581953        3164.7017234788686        773.69998254870131       0.11733979933178204       -6.8177617763561600E-005  -4.5841142405779250E-004  0.11875486682992331        2.6159690416714383E-004  0.11990412513716121        2148.6170598661593      -0.76375272310084963       -621.26310447658977        1484.6437589699131        31.698157369288637        415.27555477682273       -600.17052348895186       -632.16426121186385        567.70861339656369       -563.55058075327781        574.45173748854745        248.69774611942316       -301.35033445910426        2410501212557.8516        789262920322.79370       -645684668.16176045       -5584957957.9904737        802597925558.66174        3216853539.2873073        818640366676.36206        32217372269033572.       -9620248017491072.0        3402105272840591.5     
   1.4999999999999999E-007   9.1093837015052454E-014   6212.7740333126048       -1228.7923241979918        2066.7618684383488       0.11603345124543715        1.0964386566707705E-004  -5.3337955184029650E-004  0.11696053652505316        9.6633185258034483E-004  0.11825713559160321        1788.8894514454657       -2038.3468384131534        206.65575720734222        191.02745782500068        25.204071199276868        389.97069320963919       -1684.3603212472833       -727.29369346330998       -379.19058836513420        563.16457975332924        370.78487091731915        1207.8913004108031       -537.24282887126526        2342324811383.2783        769686939163.60132        664517445.70111763       -6345218056.9397860        775176431166.24084        8833427925.9568806        797461441053.42505        41633961328683840.       -34747128791346192.        21958807250324804.     
   1.6000000000000000E-007   9.1093837015052454E-014   5022.1633265301971       -2775.0288832357583       -1545.0255946977798       0.11446818118690011       -3.2478061298780921E-004  -2.2058493968795385E-004  0.11591130904643454        2.5416171211872064E-004  0.11609526481724212        769.06493651370761       -510.17284302431807        1544.7790142383319       -604.16995531203258       -331.16470821275084        652.48952420848059        46.967048441114301       -78.245773292018370       -225.97518325265088        473.41112298560927        1149.6136645447796        720.74536761728291       -493.66488844703150        2278567024308.5381        751636374060.21082       -2980962101.8937130       -2602283054.3553133        758758421277.24866        1521060921.9562483        768172228971.02490        14749065901505096.        5969427710165517.0        45282280488810080.     
   1.7000000000000001E-007   9.1093837015052454E-014   3466.9543574011332        2808.1761819106487        1607.5506521633736       0.11292756607690356       -6.5135537362549185E-005  -2.9577042552932266E-004  0.11468378240259917        3.7423415832621741E-004  0.11549346615174672       -368.88690814462660       -2702.4501327200883        1403.5814179195527       -1359.3758786065578       -378.97119700963162        400.78411064658155       -1476.6179900080747        160.44748643283492       -846.86094570237697        306.42590773982880        936.70802374685570        589.70485981537297       -1135.7524825471148        2237394022503.1479        735802160318.45679       -697446795.20345652       -3552807707.3421454        746814287886.96655       -233722884.96853438        754777574297.71484       -15147354645276118.       -31002061164801848.        35961569714827496.     
   1.8000000000000000E-007   9.1093837015052454E-014   900.08846199336813        3821.6605805613208       -189.51713673620691       0.11211341261856002       -3.0781299377285662E-004  -3.4273517086608196E-004  0.11320526329163295        7.4232291159131585E-005  0.11360353639872552       -164.74245134639381       -2243.9953379928197        1285.0714271491729       -558.62255971627781       -527.73731957965219       -62.211709963956068       -785.89803705305940        408.22509271685965       -930.35998136010664        618.42468323716434        258.42165119513072        456.09181833381376       -818.50244061877834        2181456785274.6543        720938762013.66846       -812695455.26850116       -2783067610.1432176        729470008555.21680       -862022097.60673296        731048014705.76013       -1187611819041789.5       -31394526037105992.        29499298272252512.     
   1.9000000000000001E-007   9.1093837015052454E-014   5163.1636467083399        2826.1109684450689        2752.1346847066143       0.11056347181724849       -3.7888474130361893E-004  -4.7219553729092306E-005  0.11155508976723003        4.8516005074729682E-004  0.11198880372695777       -604.32798085156423       -140.67442167226270        636.59760885673495       -595.68213878133906        95.376999631354039       -534.56845073571662        339.44793457229576       -318.46908748566966       -575.49935587592961        1333.0197970746221       -377.95310073222038        525.92260866546167       -165.73522235056569        2118717436796.0264        699951828852.92310       -4187331870.4899073       -179069752.60878378        706381684034.71130        5013981704.0518198        712383923908.42883       -25633909747986480.        8122499868058807.0        15111927036323388.     
   1.9999999999999999E-007   9.1093837015052454E-014   4917.0735287656616        72.921553857635871        4348.6243458389445       0.10966799226252379       -2.0639377013818351E-004   4.5805929732976282E-005  0.10998627428834007       -2.7771571160565346E-004  0.11109382685454802       -1327.8922441049317        1013.3559585430004        1132.6900830281561       -1529.9952788873516        139.89941016368073       -370.72754600211056        1384.3496542717057       -453.47930190002995       -510.89310589239960        960.29377572539397        625.87560920278850        572.83058078453644       -8.8929455808600733E-002   2076799975302.2847        689736605461.08521       -2805415278.4923515       -594841109.43749428        687580708849.44995        49939321.962665454        699482660991.77649       -28272004735484388.        26040459106165096.        21146023222692112.     
   2.1000000000000000E-007   9.1093837015052454E-014   3074.2558505075012        2301.8367065119419        2267.1074531820063       0.10877939040415259       -1.6783458806396954E-004   1.3864202711379281E-004  0.10906493592943883       -4.0442093391884255E-004  0.10988798358712454        1658.2266512015176        906.71843447889228       -666.25966057509243       -333.80944379840037       -279.84608613572181        699.28395065093741        1283.9081502437966       -114.64861661575326       -97.343629629178096       -757.42941855851780        205.81837459918833        1292.7521443489936       0.73253265253256439        2034406093417.0764        677394352117.93213       -3370717792.1921415        367714207.69952816        674542173262.61060       -2686382515.5317130        682469568036.56885        26687351199712292.        24634453400528596.       -13266547553145176.     
   2.2000000000000001E-007   9.1093837015052454E-014   821.09652786404308        4427.6202418872899        89.027961739700359       0.10738818480355608        3.9095402619936296E-005  -1.5051038205676653E-004  0.10818995022441306       -4.1698536300413948E-004  0.10826023577377768        1480.4110419164215        1076.2670370710875       -330.34080282134505        241.64948198854236       -71.515740923170966        905.12335179904312        1554.0698337249996        48.654122459628638       -406.28705573073950       -623.16889668147587        244.17397140050485        333.63820812879754       -48.956720347746533        1985173369689.0930        660613666899.80627       -1262258904.4349694       -2634499770.9209728        661269008910.20459       -1980617019.8800590        663290693879.08740        26061276244805084.        21338936797353080.       -14517703318627748.     
   2.2999999999999999E-007   9.1093837015052454E-014   3111.3968979513597        816.13710745245589        942.99200722382318       0.10656935174304660        2.8112820490642788E-004  -5.4306590331599953E-005  0.10633044948830189       -8.3523560941993632E-004  0.10752907645703898        2326.0750967031545        290.33311432898154        266.58455434190745        1434.2659683783966       -365.13793831433861        443.35904781576647        833.42559319114321        429.56866951831756       -177.95454054780870       -673.66267100972027        510.67855583332783        448.45008050898025       -55.324509243035450        1936421507005.7217        644446865075.63721       -945940075.56569421       -3330325207.5006847        640542753991.15845       -6820465928.8934822        651431887938.90076        36550644111481232.        1371390365164791.2       -13440191062108814.     
   2.4000000000000003E-007   9.1093837015052454E-014   3946.5953481747961        352.21858996025037       -1834.9716188034452       0.10544582357346745       -3.1177184459498372E-005   2.8802889266693171E-004  0.10549479238047955       -6.2933175957831584E-004  0.10626109927412854        120.43496914705034        587.01006693252998        250.13723078229799        203.39496758380196       -54.003019082466949       -39.982439073389507        913.75782539236707        7.0366738326747260       -272.74473937734865       -187.65435748244616        430.75491443205749       -42.977559363386234       -71.875242757011321        1899237676485.9192        632519879061.33887       -3885864987.9007139        2768526730.3148813        628925589840.10962       -4738527119.3388424        637792207584.48547       -2594606868647644.5       -1526918285616063.2       -9869350390390426.0     
