   5.8023e+01   4.1509e-14   0.0000e+00   0.0000e+00   0.0000e+00   0.0000e+00   0.0000e+00
   6.4843e+01   4.2767e-14   0.0000e+00   0.0000e+00   0.0000e+00   0.0000e+00   0.0000e+00
   7.2465e+01   4.3991e-14   0.0000e+00   0.0000e+00   0.0000e+00   0.0000e+00   0.0000e+00
   8.0982e+01   4.5172e-14   0.0000e+00   0.0000e+00   0.0000e+00   0.0000e+00   0.0000e+00
   9.0501e+01   4.6301e-14   0.0000e+00   0.0000e+00   0.0000e+00   0.0000e+00   0.0000e+00
   1.0114e+02   4.7367e-14   0.0000e+00   0.0000e+00   0.0000e+00   0.0000e+00   0.0000e+00
   1.1303e+02   4.8362e-14   0.0000e+00   0.0000e+00   0.0000e+00   0.0000e+00   0.0000e+00
   1.2631e+02   4.9272e-14   0.0000e+00   0.0000e+00   0.0000e+00   0.0000e+00   0.0000e+00
   1.4116e+02   5.0088e-14   0.0000e+00   0.0000e+00   0.0000e+00   0.0000e+00   0.0000e+00
   1.5775e+02   5.0795e-14   0.0000e+00   0.0000e+00   0.0000e+00   0.0000e+00   0.0000e+00
   1.7629e+02   5.1382e-14   0.0000e+00   0.0000e+00   0.0000e+00   0.0000e+00   0.0000e+00
   1.9702e+02   5.1834e-14   0.0000e+00   0.0000e+00   0.0000e+00   0.0000e+00   0.0000e+00
   2.2017e+02   5.2140e-14   0.0000e+00   0.0000e+00   0.0000e+00   0.0000e+00   0.0000e+00
   2.4605e+02   5.2286e-14   0.0000e+00   0.0000e+00   0.0000e+00   0.0000e+00   0.0000e+00
   2.7498e+02   5.2262e-14   0.0000e+00   0.0000e+00   0.0000e+00   0.0000e+00   0.0000e+00
   3.0730e+02   5.2059e-14   0.0000e+00   0.0000e+00   0.0000e+00   0.0000e+00   0.0000e+00
   3.4342e+02   5.1669e-14   0.0000e+00   0.0000e+00   0.0000e+00   0.0000e+00   0.0000e+00
   3.8378e+02   5.1087e-14   0.0000e+00   0.0000e+00   0.0000e+00   0.0000e+00   0.0000e+00
   4.2890e+02   5.0311e-14   0.0000e+00   0.0000e+00   0.0000e+00   0.0000e+00   0.0000e+00
   4.7931e+02   4.9343e-14   0.0000e+00   0.0000e+00   0.0000e+00   0.0000e+00   0.0000e+00
   5.3565e+02   4.8185e-14   0.0000e+00   0.0000e+00   0.0000e+00   0.0000e+00   0.0000e+00
   5.9861e+02   4.6844e-14   0.0000e+00   0.0000e+00   0.0000e+00   0.0000e+00   0.0000e+00
   6.6897e+02   4.5331e-14   0.0000e+00   0.0000e+00   0.0000e+00   0.0000e+00   0.0000e+00
   7.4761e+02   4.3658e-14   0.0000e+00   0.0000e+00   0.0000e+00   0.0000e+00   0.0000e+00
   8.3548e+02   4.1842e-14   0.0000e+00   0.0000e+00   0.0000e+00   0.0000e+00   0.0000e+00
   9.3369e+02   3.9902e-14   0.0000e+00   0.0000e+00   0.0000e+00   0.0000e+00   0.0000e+00
   1.0434e+03   3.7860e-14   0.0000e+00   0.0000e+00   0.0000e+00   0.0000e+00   0.0000e+00
   1.1661e+03   3.5740e-14   0.0000e+00   0.0000e+00   0.0000e+00   0.0000e+00   0.0000e+00
   1.3031e+03   3.3569e-14   0.0000e+00   0.0000e+00   0.0000e+00   0.0000e+00   0.0000e+00
   1.4563e+03   3.1376e-14   0.0000e+00   0.0000e+00   0.0000e+00   0.0000e+00   0.0000e+00
   1.6275e+03   2.9193e-14   0.0000e+00   0.0000e+00   0.0000e+00   0.0000e+00   0.0000e+00
   1.8188e+03   2.7055e-14   0.0000e+00   0.0000e+00   0.0000e+00   0.0000e+00   0.0000e+00
   2.0326e+03   2.5000e-14   0.0000e+00   0.0000e+00   0.0000e+00   0.0000e+00   0.0000e+00
   2.2715e+03   2.3070e-14   0.0000e+00   0.0000e+00   0.0000e+00   0.0000e+00   0.0000e+00
   2.5385e+03   2.1310e-14   0.0000e+00   0.0000e+00   0.0000e+00   0.0000e+00   0.0000e+00
   2.8369e+03   1.9775e-14   0.0000e+00   0.0000e+00   0.0000e+00   0.0000e+00   0.0000e+00
   3.1703e+03   1.8523e-14   1.1681e-28   0.0000e+00   0.0000e+00   0.0000e+00   0.0000e+00
   3.5430e+03   1.7625e-14   6.5047e-27   3.1698e-29   0.0000e+00   0.0000e+00   0.0000e+00
   3.9595e+03   1.7163e-14   1.2438e-25   5.0082e-27   1.5192e-27   0.0000e+00   0.0000e+00
   4.4249e+03   1.7231e-14   1.6938e-24   1.1103e-25   5.1303e-26   6.0189e-30   2.7468e-32
   4.9450e+03   1.7942e-14   1.7555e-23   1.6448e-24   8.9302e-25   1.0336e-27   5.3970e-27
   5.5262e+03   1.9424e-14   1.4279e-22   1.8344e-23   1.1336e-23   2.4217e-26   1.3962e-25
   6.1758e+03   2.1825e-14   9.3502e-22   1.5944e-22   1.1058e-22   3.7058e-25   2.2324e-24
   6.9017e+03   2.5312e-14   5.0425e-21   1.1087e-21   8.5324e-22   4.2668e-24   2.6561e-23
   7.7129e+03   3.0061e-14   2.2859e-20   6.3112e-21   5.3364e-21   3.8467e-23   2.4551e-22
   8.6195e+03   3.6255e-14   8.8728e-20   3.0024e-20   2.7649e-20   2.7888e-22   1.8125e-21
   9.6327e+03   4.4061e-14   2.9980e-19   1.2160e-19   1.2101e-19   1.6635e-21   1.0944e-20
   1.0765e+04   5.3615e-14   8.9502e-19   4.2628e-19   4.5522e-19   8.3306e-21   5.5201e-20
   1.2030e+04   6.4997e-14   2.3926e-18   1.3128e-18   1.4950e-18   3.5664e-20   2.3699e-19
   1.3444e+04   7.8211e-14   5.7956e-18   3.5997e-18   4.3466e-18   1.3264e-19   8.8075e-19
   1.5025e+04   9.3157e-14   1.2858e-17   8.8930e-18   1.1328e-17   4.3480e-19   2.8762e-18
   1.6791e+04   1.0963e-13   2.6377e-17   2.0008e-17   2.6759e-17   1.2724e-18   8.3649e-18
   1.8764e+04   1.2730e-13   5.0454e-17   4.1387e-17   5.7878e-17   3.3623e-18   2.1928e-17
   2.0970e+04   1.4575e-13   9.0671e-17   7.9396e-17   1.1565e-16   8.1063e-18   5.2373e-17
   2.3435e+04   1.6447e-13   1.5410e-16   1.4234e-16   2.1523e-16   1.7995e-17   1.1507e-16
   2.6189e+04   1.8293e-13   2.4916e-16   2.4015e-16   3.7574e-16   3.7083e-17   2.3457e-16
   2.9268e+04   2.0058e-13   3.8526e-16   3.8363e-16   6.1938e-16   7.1465e-17   4.4711e-16
   3.2708e+04   2.1690e-13   5.7227e-16   5.8353e-16   9.6966e-16   1.2964e-16   8.0232e-16
   3.6553e+04   2.3144e-13   8.1998e-16   8.4937e-16   1.4493e-15   2.2268e-16   1.3638e-15
   4.0849e+04   2.4387e-13   1.1374e-15   1.1884e-15   2.0779e-15   3.6409e-16   2.2080e-15
   4.5651e+04   2.5393e-13   1.5322e-15   1.6048e-15   2.8698e-15   5.6930e-16   3.4215e-15
   5.1016e+04   2.6150e-13   2.0101e-15   2.0991e-15   3.8325e-15   8.5494e-16   5.0969e-15
   5.7013e+04   2.6656e-13   2.5747e-15   2.6681e-15   4.9661e-15   1.2377e-15   7.3281e-15
   6.3715e+04   2.6918e-13   3.2269e-15   3.3054e-15   6.2629e-15   1.7334e-15   1.0204e-14
   7.1204e+04   2.6954e-13   3.9650e-15   4.0016e-15   7.7083e-15   2.3555e-15   1.3806e-14
   7.9573e+04   2.6784e-13   4.7850e-15   4.7453e-15   9.2819e-15   3.1142e-15   1.8200e-14
   8.8927e+04   2.6434e-13   5.6802e-15   5.5236e-15   1.0959e-14   4.0160e-15   2.3437e-14
   9.9379e+04   2.5931e-13   6.6421e-15   6.3234e-15   1.2713e-14   5.0627e-15   2.9551e-14
   1.1106e+05   2.5304e-13   7.6605e-15   7.1316e-15   1.4515e-14   6.2514e-15   3.6558e-14
   1.2411e+05   2.4580e-13   8.7240e-15   7.9360e-15   1.6338e-14   7.5747e-15   4.4459e-14
   1.3870e+05   2.3786e-13   9.8203e-15   8.7254e-15   1.8155e-14   9.0210e-15   5.3241e-14
   1.5501e+05   2.2944e-13   1.0937e-14   9.4903e-15   1.9943e-14   1.0575e-14   6.2878e-14
   1.7323e+05   2.2075e-13   1.2061e-14   1.0222e-14   2.1679e-14   1.2219e-14   7.3337e-14
   1.9359e+05   2.1200e-13   1.3179e-14   1.0915e-14   2.3346e-14   1.3933e-14   8.4577e-14
   2.1634e+05   2.0333e-13   1.4281e-14   1.1564e-14   2.4929e-14   1.5695e-14   9.6552e-14
   2.4177e+05   1.9488e-13   1.5355e-14   1.2165e-14   2.6417e-14   1.7483e-14   1.0921e-13
   2.7019e+05   1.8676e-13   1.6390e-14   1.2715e-14   2.7800e-14   1.9275e-14   1.2248e-13
   3.0195e+05   1.7907e-13   1.7378e-14   1.3214e-14   2.9072e-14   2.1050e-14   1.3629e-13
   3.3744e+05   1.7185e-13   1.8311e-14   1.3660e-14   3.0230e-14   2.2788e-14   1.5055e-13
   3.7711e+05   1.6516e-13   1.9182e-14   1.4054e-14   3.1271e-14   2.4472e-14   1.6517e-13
   4.2143e+05   1.5901e-13   1.9986e-14   1.4397e-14   3.2195e-14   2.6085e-14   1.8003e-13
   4.7097e+05   1.5342e-13   2.0719e-14   1.4691e-14   3.3003e-14   2.7614e-14   1.9500e-13
   5.2633e+05   1.4836e-13   2.1378e-14   1.4936e-14   3.3698e-14   2.9045e-14   2.0995e-13
   5.8820e+05   1.4381e-13   2.1962e-14   1.5134e-14   3.4283e-14   3.0371e-14   2.2476e-13
   6.5733e+05   1.3974e-13   2.2469e-14   1.5289e-14   3.4760e-14   3.1584e-14   2.3928e-13
   7.3460e+05   1.3612e-13   2.2901e-14   1.5401e-14   3.5136e-14   3.2678e-14   2.5339e-13
   8.2095e+05   1.3291e-13   2.3258e-14   1.5474e-14   3.5413e-14   3.3651e-14   2.6698e-13
   9.1744e+05   1.3007e-13   2.3541e-14   1.5509e-14   3.5598e-14   3.4500e-14   2.7994e-13
   1.0253e+06   1.2756e-13   2.3754e-14   1.5509e-14   3.5695e-14   3.5227e-14   2.9217e-13
   1.1458e+06   1.2536e-13   2.3897e-14   1.5477e-14   3.5709e-14   3.5833e-14   3.0360e-13
   1.2805e+06   1.2342e-13   2.3974e-14   1.5413e-14   3.5647e-14   3.6321e-14   3.1417e-13
   1.4310e+06   1.2171e-13   2.3989e-14   1.5322e-14   3.5513e-14   3.6695e-14   3.2383e-13
   1.5992e+06   1.2021e-13   2.3946e-14   1.5206e-14   3.5315e-14   3.6962e-14   3.3256e-13
   1.7872e+06   1.1890e-13   2.3850e-14   1.5067e-14   3.5060e-14   3.7129e-14   3.4037e-13
   1.9972e+06   1.1776e-13   2.3707e-14   1.4910e-14   3.4756e-14   3.7206e-14   3.4729e-13
   2.2320e+06   1.1677e-13   2.3524e-14   1.4738e-14   3.4414e-14   3.7205e-14   3.5338e-13
   2.4943e+06   1.1594e-13   2.3311e-14   1.4557e-14   3.4045e-14   3.7142e-14   3.5874e-13
   2.7875e+06   1.1528e-13   2.3078e-14   1.4373e-14   3.3665e-14   3.7033e-14   3.6352e-13
   3.1152e+06   1.1481e-13   2.2836e-14   1.4191e-14   3.3288e-14   3.6899e-14   3.6789e-13
   3.4814e+06   1.1455e-13   2.2599e-14   1.4020e-14   3.2933e-14   3.6760e-14   3.7204e-13
