   5.9315e+01   4.1760e-14   0.0000e+00   0.0000e+00   0.0000e+00   0.0000e+00   0.0000e+00
   5.9972e+01   4.1886e-14   0.0000e+00   0.0000e+00   0.0000e+00   0.0000e+00   0.0000e+00
   6.0636e+01   4.2011e-14   0.0000e+00   0.0000e+00   0.0000e+00   0.0000e+00   0.0000e+00
   6.1307e+01   4.2136e-14   0.0000e+00   0.0000e+00   0.0000e+00   0.0000e+00   0.0000e+00
   6.1986e+01   4.2260e-14   0.0000e+00   0.0000e+00   0.0000e+00   0.0000e+00   0.0000e+00
   6.2673e+01   4.2385e-14   0.0000e+00   0.0000e+00   0.0000e+00   0.0000e+00   0.0000e+00
   6.3367e+01   4.2509e-14   0.0000e+00   0.0000e+00   0.0000e+00   0.0000e+00   0.0000e+00
   6.4068e+01   4.2632e-14   0.0000e+00   0.0000e+00   0.0000e+00   0.0000e+00   0.0000e+00
   6.4778e+01   4.2756e-14   0.0000e+00   0.0000e+00   0.0000e+00   0.0000e+00   0.0000e+00
   6.5495e+01   4.2879e-14   0.0000e+00   0.0000e+00   0.0000e+00   0.0000e+00   0.0000e+00
   6.6221e+01   4.3001e-14   0.0000e+00   0.0000e+00   0.0000e+00   0.0000e+00   0.0000e+00
   6.6954e+01   4.3123e-14   0.0000e+00   0.0000e+00   0.0000e+00   0.0000e+00   0.0000e+00
   6.7695e+01   4.3245e-14   0.0000e+00   0.0000e+00   0.0000e+00   0.0000e+00   0.0000e+00
   6.8445e+01   4.3367e-14   0.0000e+00   0.0000e+00   0.0000e+00   0.0000e+00   0.0000e+00
   6.9203e+01   4.3488e-14   0.0000e+00   0.0000e+00   0.0000e+00   0.0000e+00   0.0000e+00
   6.9969e+01   4.3609e-14   0.0000e+00   0.0000e+00   0.0000e+00   0.0000e+00   0.0000e+00
   7.0744e+01   4.3729e-14   0.0000e+00   0.0000e+00   0.0000e+00   0.0000e+00   0.0000e+00
   7.1527e+01   4.3849e-14   0.0000e+00   0.0000e+00   0.0000e+00   0.0000e+00   0.0000e+00
   7.2320e+01   4.3969e-14   0.0000e+00   0.0000e+00   0.0000e+00   0.0000e+00   0.0000e+00
   7.3120e+01   4.4088e-14   0.0000e+00   0.0000e+00   0.0000e+00   0.0000e+00   0.0000e+00
   7.3930e+01   4.4207e-14   0.0000e+00   0.0000e+00   0.0000e+00   0.0000e+00   0.0000e+00
   7.4749e+01   4.4325e-14   0.0000e+00   0.0000e+00   0.0000e+00   0.0000e+00   0.0000e+00
   7.5577e+01   4.4443e-14   0.0000e+00   0.0000e+00   0.0000e+00   0.0000e+00   0.0000e+00
   7.6414e+01   4.4561e-14   0.0000e+00   0.0000e+00   0.0000e+00   0.0000e+00   0.0000e+00
   7.7260e+01   4.4678e-14   0.0000e+00   0.0000e+00   0.0000e+00   0.0000e+00   0.0000e+00
   7.8115e+01   4.4794e-14   0.0000e+00   0.0000e+00   0.0000e+00   0.0000e+00   0.0000e+00
   7.8980e+01   4.4910e-14   0.0000e+00   0.0000e+00   0.0000e+00   0.0000e+00   0.0000e+00
   7.9855e+01   4.5026e-14   0.0000e+00   0.0000e+00   0.0000e+00   0.0000e+00   0.0000e+00
   8.0739e+01   4.5141e-14   0.0000e+00   0.0000e+00   0.0000e+00   0.0000e+00   0.0000e+00
   8.1633e+01   4.5255e-14   0.0000e+00   0.0000e+00   0.0000e+00   0.0000e+00   0.0000e+00
   8.2537e+01   4.5369e-14   0.0000e+00   0.0000e+00   0.0000e+00   0.0000e+00   0.0000e+00
   8.3451e+01   4.5482e-14   0.0000e+00   0.0000e+00   0.0000e+00   0.0000e+00   0.0000e+00
   8.4376e+01   4.5595e-14   0.0000e+00   0.0000e+00   0.0000e+00   0.0000e+00   0.0000e+00
   8.5310e+01   4.5708e-14   0.0000e+00   0.0000e+00   0.0000e+00   0.0000e+00   0.0000e+00
   8.6255e+01   4.5820e-14   0.0000e+00   0.0000e+00   0.0000e+00   0.0000e+00   0.0000e+00
   8.7210e+01   4.5931e-14   0.0000e+00   0.0000e+00   0.0000e+00   0.0000e+00   0.0000e+00
   8.8176e+01   4.6041e-14   0.0000e+00   0.0000e+00   0.0000e+00   0.0000e+00   0.0000e+00
   8.9152e+01   4.6152e-14   0.0000e+00   0.0000e+00   0.0000e+00   0.0000e+00   0.0000e+00
   9.0139e+01   4.6261e-14   0.0000e+00   0.0000e+00   0.0000e+00   0.0000e+00   0.0000e+00
   9.1138e+01   4.6370e-14   0.0000e+00   0.0000e+00   0.0000e+00   0.0000e+00   0.0000e+00
   9.2147e+01   4.6478e-14   0.0000e+00   0.0000e+00   0.0000e+00   0.0000e+00   0.0000e+00
   9.3167e+01   4.6586e-14   0.0000e+00   0.0000e+00   0.0000e+00   0.0000e+00   0.0000e+00
   9.4199e+01   4.6693e-14   0.0000e+00   0.0000e+00   0.0000e+00   0.0000e+00   0.0000e+00
   9.5242e+01   4.6799e-14   0.0000e+00   0.0000e+00   0.0000e+00   0.0000e+00   0.0000e+00
   9.6297e+01   4.6905e-14   0.0000e+00   0.0000e+00   0.0000e+00   0.0000e+00   0.0000e+00
   9.7363e+01   4.7010e-14   0.0000e+00   0.0000e+00   0.0000e+00   0.0000e+00   0.0000e+00
   9.8441e+01   4.7114e-14   0.0000e+00   0.0000e+00   0.0000e+00   0.0000e+00   0.0000e+00
   9.9532e+01   4.7218e-14   0.0000e+00   0.0000e+00   0.0000e+00   0.0000e+00   0.0000e+00
   1.0063e+02   4.7321e-14   0.0000e+00   0.0000e+00   0.0000e+00   0.0000e+00   0.0000e+00
   1.0175e+02   4.7423e-14   0.0000e+00   0.0000e+00   0.0000e+00   0.0000e+00   0.0000e+00
   1.0287e+02   4.7525e-14   0.0000e+00   0.0000e+00   0.0000e+00   0.0000e+00   0.0000e+00
   1.0401e+02   4.7625e-14   0.0000e+00   0.0000e+00   0.0000e+00   0.0000e+00   0.0000e+00
   1.0517e+02   4.7726e-14   0.0000e+00   0.0000e+00   0.0000e+00   0.0000e+00   0.0000e+00
   1.0633e+02   4.7825e-14   0.0000e+00   0.0000e+00   0.0000e+00   0.0000e+00   0.0000e+00
   1.0751e+02   4.7923e-14   0.0000e+00   0.0000e+00   0.0000e+00   0.0000e+00   0.0000e+00
   1.0870e+02   4.8021e-14   0.0000e+00   0.0000e+00   0.0000e+00   0.0000e+00   0.0000e+00
   1.0990e+02   4.8118e-14   0.0000e+00   0.0000e+00   0.0000e+00   0.0000e+00   0.0000e+00
   1.1112e+02   4.8215e-14   0.0000e+00   0.0000e+00   0.0000e+00   0.0000e+00   0.0000e+00
   1.1235e+02   4.8310e-14   0.0000e+00   0.0000e+00   0.0000e+00   0.0000e+00   0.0000e+00
   1.1359e+02   4.8405e-14   0.0000e+00   0.0000e+00   0.0000e+00   0.0000e+00   0.0000e+00
   1.1485e+02   4.8498e-14   0.0000e+00   0.0000e+00   0.0000e+00   0.0000e+00   0.0000e+00
   1.1612e+02   4.8591e-14   0.0000e+00   0.0000e+00   0.0000e+00   0.0000e+00   0.0000e+00
   1.1741e+02   4.8683e-14   0.0000e+00   0.0000e+00   0.0000e+00   0.0000e+00   0.0000e+00
   1.1871e+02   4.8775e-14   0.0000e+00   0.0000e+00   0.0000e+00   0.0000e+00   0.0000e+00
   1.2002e+02   4.8865e-14   0.0000e+00   0.0000e+00   0.0000e+00   0.0000e+00   0.0000e+00
   1.2135e+02   4.8955e-14   0.0000e+00   0.0000e+00   0.0000e+00   0.0000e+00   0.0000e+00
   1.2270e+02   4.9043e-14   0.0000e+00   0.0000e+00   0.0000e+00   0.0000e+00   0.0000e+00
   1.2406e+02   4.9131e-14   0.0000e+00   0.0000e+00   0.0000e+00   0.0000e+00   0.0000e+00
   1.2543e+02   4.9218e-14   0.0000e+00   0.0000e+00   0.0000e+00   0.0000e+00   0.0000e+00
   1.2682e+02   4.9304e-14   0.0000e+00   0.0000e+00   0.0000e+00   0.0000e+00   0.0000e+00
   1.2822e+02   4.9388e-14   0.0000e+00   0.0000e+00   0.0000e+00   0.0000e+00   0.0000e+00
   1.2964e+02   4.9472e-14   0.0000e+00   0.0000e+00   0.0000e+00   0.0000e+00   0.0000e+00
   1.3108e+02   4.9555e-14   0.0000e+00   0.0000e+00   0.0000e+00   0.0000e+00   0.0000e+00
   1.3253e+02   4.9637e-14   0.0000e+00   0.0000e+00   0.0000e+00   0.0000e+00   0.0000e+00
   1.3400e+02   4.9718e-14   0.0000e+00   0.0000e+00   0.0000e+00   0.0000e+00   0.0000e+00
   1.3548e+02   4.9799e-14   0.0000e+00   0.0000e+00   0.0000e+00   0.0000e+00   0.0000e+00
   1.3698e+02   4.9878e-14   0.0000e+00   0.0000e+00   0.0000e+00   0.0000e+00   0.0000e+00
   1.3850e+02   4.9956e-14   0.0000e+00   0.0000e+00   0.0000e+00   0.0000e+00   0.0000e+00
   1.4003e+02   5.0033e-14   0.0000e+00   0.0000e+00   0.0000e+00   0.0000e+00   0.0000e+00
   1.4158e+02   5.0108e-14   0.0000e+00   0.0000e+00   0.0000e+00   0.0000e+00   0.0000e+00
   1.4315e+02   5.0183e-14   0.0000e+00   0.0000e+00   0.0000e+00   0.0000e+00   0.0000e+00
   1.4474e+02   5.0257e-14   0.0000e+00   0.0000e+00   0.0000e+00   0.0000e+00   0.0000e+00
   1.4634e+02   5.0330e-14   0.0000e+00   0.0000e+00   0.0000e+00   0.0000e+00   0.0000e+00
   1.4796e+02   5.0401e-14   0.0000e+00   0.0000e+00   0.0000e+00   0.0000e+00   0.0000e+00
   1.4960e+02   5.0472e-14   0.0000e+00   0.0000e+00   0.0000e+00   0.0000e+00   0.0000e+00
   1.5126e+02   5.0541e-14   0.0000e+00   0.0000e+00   0.0000e+00   0.0000e+00   0.0000e+00
   1.5293e+02   5.0609e-14   0.0000e+00   0.0000e+00   0.0000e+00   0.0000e+00   0.0000e+00
   1.5462e+02   5.0676e-14   0.0000e+00   0.0000e+00   0.0000e+00   0.0000e+00   0.0000e+00
   1.5634e+02   5.0742e-14   0.0000e+00   0.0000e+00   0.0000e+00   0.0000e+00   0.0000e+00
   1.5807e+02   5.0807e-14   0.0000e+00   0.0000e+00   0.0000e+00   0.0000e+00   0.0000e+00
   1.5982e+02   5.0871e-14   0.0000e+00   0.0000e+00   0.0000e+00   0.0000e+00   0.0000e+00
   1.6159e+02   5.0933e-14   0.0000e+00   0.0000e+00   0.0000e+00   0.0000e+00   0.0000e+00
   1.6338e+02   5.0994e-14   0.0000e+00   0.0000e+00   0.0000e+00   0.0000e+00   0.0000e+00
   1.6519e+02   5.1054e-14   0.0000e+00   0.0000e+00   0.0000e+00   0.0000e+00   0.0000e+00
   1.6702e+02   5.1112e-14   0.0000e+00   0.0000e+00   0.0000e+00   0.0000e+00   0.0000e+00
   1.6887e+02   5.1170e-14   0.0000e+00   0.0000e+00   0.0000e+00   0.0000e+00   0.0000e+00
   1.7074e+02   5.1226e-14   0.0000e+00   0.0000e+00   0.0000e+00   0.0000e+00   0.0000e+00
   1.7263e+02   5.1281e-14   0.0000e+00   0.0000e+00   0.0000e+00   0.0000e+00   0.0000e+00
   1.7454e+02   5.1334e-14   0.0000e+00   0.0000e+00   0.0000e+00   0.0000e+00   0.0000e+00
   1.7647e+02   5.1387e-14   0.0000e+00   0.0000e+00   0.0000e+00   0.0000e+00   0.0000e+00
   1.7843e+02   5.1438e-14   0.0000e+00   0.0000e+00   0.0000e+00   0.0000e+00   0.0000e+00
   1.8040e+02   5.1487e-14   0.0000e+00   0.0000e+00   0.0000e+00   0.0000e+00   0.0000e+00
   1.8240e+02   5.1535e-14   0.0000e+00   0.0000e+00   0.0000e+00   0.0000e+00   0.0000e+00
   1.8442e+02   5.1582e-14   0.0000e+00   0.0000e+00   0.0000e+00   0.0000e+00   0.0000e+00
   1.8646e+02   5.1628e-14   0.0000e+00   0.0000e+00   0.0000e+00   0.0000e+00   0.0000e+00
   1.8853e+02   5.1672e-14   0.0000e+00   0.0000e+00   0.0000e+00   0.0000e+00   0.0000e+00
   1.9061e+02   5.1715e-14   0.0000e+00   0.0000e+00   0.0000e+00   0.0000e+00   0.0000e+00
   1.9272e+02   5.1756e-14   0.0000e+00   0.0000e+00   0.0000e+00   0.0000e+00   0.0000e+00
   1.9486e+02   5.1796e-14   0.0000e+00   0.0000e+00   0.0000e+00   0.0000e+00   0.0000e+00
   1.9702e+02   5.1834e-14   0.0000e+00   0.0000e+00   0.0000e+00   0.0000e+00   0.0000e+00
   1.9920e+02   5.1871e-14   0.0000e+00   0.0000e+00   0.0000e+00   0.0000e+00   0.0000e+00
   2.0140e+02   5.1907e-14   0.0000e+00   0.0000e+00   0.0000e+00   0.0000e+00   0.0000e+00
   2.0363e+02   5.1941e-14   0.0000e+00   0.0000e+00   0.0000e+00   0.0000e+00   0.0000e+00
   2.0589e+02   5.1974e-14   0.0000e+00   0.0000e+00   0.0000e+00   0.0000e+00   0.0000e+00
   2.0817e+02   5.2005e-14   0.0000e+00   0.0000e+00   0.0000e+00   0.0000e+00   0.0000e+00
   2.1048e+02   5.2035e-14   0.0000e+00   0.0000e+00   0.0000e+00   0.0000e+00   0.0000e+00
   2.1281e+02   5.2063e-14   0.0000e+00   0.0000e+00   0.0000e+00   0.0000e+00   0.0000e+00
   2.1516e+02   5.2089e-14   0.0000e+00   0.0000e+00   0.0000e+00   0.0000e+00   0.0000e+00
   2.1755e+02   5.2114e-14   0.0000e+00   0.0000e+00   0.0000e+00   0.0000e+00   0.0000e+00
   2.1995e+02   5.2138e-14   0.0000e+00   0.0000e+00   0.0000e+00   0.0000e+00   0.0000e+00
   2.2239e+02   5.2160e-14   0.0000e+00   0.0000e+00   0.0000e+00   0.0000e+00   0.0000e+00
   2.2485e+02   5.2180e-14   0.0000e+00   0.0000e+00   0.0000e+00   0.0000e+00   0.0000e+00
   2.2734e+02   5.2199e-14   0.0000e+00   0.0000e+00   0.0000e+00   0.0000e+00   0.0000e+00
   2.2986e+02   5.2216e-14   0.0000e+00   0.0000e+00   0.0000e+00   0.0000e+00   0.0000e+00
   2.3241e+02   5.2232e-14   0.0000e+00   0.0000e+00   0.0000e+00   0.0000e+00   0.0000e+00
   2.3498e+02   5.2246e-14   0.0000e+00   0.0000e+00   0.0000e+00   0.0000e+00   0.0000e+00
   2.3758e+02   5.2258e-14   0.0000e+00   0.0000e+00   0.0000e+00   0.0000e+00   0.0000e+00
   2.4021e+02   5.2269e-14   0.0000e+00   0.0000e+00   0.0000e+00   0.0000e+00   0.0000e+00
   2.4287e+02   5.2278e-14   0.0000e+00   0.0000e+00   0.0000e+00   0.0000e+00   0.0000e+00
   2.4556e+02   5.2285e-14   0.0000e+00   0.0000e+00   0.0000e+00   0.0000e+00   0.0000e+00
   2.4828e+02   5.2291e-14   0.0000e+00   0.0000e+00   0.0000e+00   0.0000e+00   0.0000e+00
   2.5103e+02   5.2295e-14   0.0000e+00   0.0000e+00   0.0000e+00   0.0000e+00   0.0000e+00
   2.5381e+02   5.2297e-14   0.0000e+00   0.0000e+00   0.0000e+00   0.0000e+00   0.0000e+00
   2.5662e+02   5.2298e-14   0.0000e+00   0.0000e+00   0.0000e+00   0.0000e+00   0.0000e+00
   2.5946e+02   5.2297e-14   0.0000e+00   0.0000e+00   0.0000e+00   0.0000e+00   0.0000e+00
   2.6234e+02   5.2294e-14   0.0000e+00   0.0000e+00   0.0000e+00   0.0000e+00   0.0000e+00
   2.6524e+02   5.2289e-14   0.0000e+00   0.0000e+00   0.0000e+00   0.0000e+00   0.0000e+00
   2.6818e+02   5.2283e-14   0.0000e+00   0.0000e+00   0.0000e+00   0.0000e+00   0.0000e+00
   2.7115e+02   5.2275e-14   0.0000e+00   0.0000e+00   0.0000e+00   0.0000e+00   0.0000e+00
   2.7415e+02   5.2265e-14   0.0000e+00   0.0000e+00   0.0000e+00   0.0000e+00   0.0000e+00
   2.7719e+02   5.2254e-14   0.0000e+00   0.0000e+00   0.0000e+00   0.0000e+00   0.0000e+00
   2.8026e+02   5.2240e-14   0.0000e+00   0.0000e+00   0.0000e+00   0.0000e+00   0.0000e+00
   2.8336e+02   5.2225e-14   0.0000e+00   0.0000e+00   0.0000e+00   0.0000e+00   0.0000e+00
   2.8650e+02   5.2209e-14   0.0000e+00   0.0000e+00   0.0000e+00   0.0000e+00   0.0000e+00
   2.8967e+02   5.2190e-14   0.0000e+00   0.0000e+00   0.0000e+00   0.0000e+00   0.0000e+00
   2.9288e+02   5.2169e-14   0.0000e+00   0.0000e+00   0.0000e+00   0.0000e+00   0.0000e+00
   2.9612e+02   5.2147e-14   0.0000e+00   0.0000e+00   0.0000e+00   0.0000e+00   0.0000e+00
   2.9940e+02   5.2123e-14   0.0000e+00   0.0000e+00   0.0000e+00   0.0000e+00   0.0000e+00
   3.0272e+02   5.2097e-14   0.0000e+00   0.0000e+00   0.0000e+00   0.0000e+00   0.0000e+00
   3.0607e+02   5.2069e-14   0.0000e+00   0.0000e+00   0.0000e+00   0.0000e+00   0.0000e+00
   3.0946e+02   5.2040e-14   0.0000e+00   0.0000e+00   0.0000e+00   0.0000e+00   0.0000e+00
   3.1289e+02   5.2009e-14   0.0000e+00   0.0000e+00   0.0000e+00   0.0000e+00   0.0000e+00
   3.1635e+02   5.1975e-14   0.0000e+00   0.0000e+00   0.0000e+00   0.0000e+00   0.0000e+00
   3.1985e+02   5.1940e-14   0.0000e+00   0.0000e+00   0.0000e+00   0.0000e+00   0.0000e+00
   3.2340e+02   5.1903e-14   0.0000e+00   0.0000e+00   0.0000e+00   0.0000e+00   0.0000e+00
   3.2698e+02   5.1864e-14   0.0000e+00   0.0000e+00   0.0000e+00   0.0000e+00   0.0000e+00
   3.3060e+02   5.1824e-14   0.0000e+00   0.0000e+00   0.0000e+00   0.0000e+00   0.0000e+00
   3.3426e+02   5.1781e-14   0.0000e+00   0.0000e+00   0.0000e+00   0.0000e+00   0.0000e+00
   3.3796e+02   5.1737e-14   0.0000e+00   0.0000e+00   0.0000e+00   0.0000e+00   0.0000e+00
   3.4170e+02   5.1690e-14   0.0000e+00   0.0000e+00   0.0000e+00   0.0000e+00   0.0000e+00
   3.4549e+02   5.1642e-14   0.0000e+00   0.0000e+00   0.0000e+00   0.0000e+00   0.0000e+00
   3.4931e+02   5.1592e-14   0.0000e+00   0.0000e+00   0.0000e+00   0.0000e+00   0.0000e+00
   3.5318e+02   5.1540e-14   0.0000e+00   0.0000e+00   0.0000e+00   0.0000e+00   0.0000e+00
   3.5709e+02   5.1486e-14   0.0000e+00   0.0000e+00   0.0000e+00   0.0000e+00   0.0000e+00
   3.6105e+02   5.1431e-14   0.0000e+00   0.0000e+00   0.0000e+00   0.0000e+00   0.0000e+00
   3.6505e+02   5.1373e-14   0.0000e+00   0.0000e+00   0.0000e+00   0.0000e+00   0.0000e+00
   3.6909e+02   5.1313e-14   0.0000e+00   0.0000e+00   0.0000e+00   0.0000e+00   0.0000e+00
   3.7318e+02   5.1252e-14   0.0000e+00   0.0000e+00   0.0000e+00   0.0000e+00   0.0000e+00
   3.7731e+02   5.1189e-14   0.0000e+00   0.0000e+00   0.0000e+00   0.0000e+00   0.0000e+00
   3.8149e+02   5.1123e-14   0.0000e+00   0.0000e+00   0.0000e+00   0.0000e+00   0.0000e+00
   3.8571e+02   5.1056e-14   0.0000e+00   0.0000e+00   0.0000e+00   0.0000e+00   0.0000e+00
   3.8998e+02   5.0987e-14   0.0000e+00   0.0000e+00   0.0000e+00   0.0000e+00   0.0000e+00
   3.9430e+02   5.0916e-14   0.0000e+00   0.0000e+00   0.0000e+00   0.0000e+00   0.0000e+00
   3.9867e+02   5.0843e-14   0.0000e+00   0.0000e+00   0.0000e+00   0.0000e+00   0.0000e+00
   4.0308e+02   5.0769e-14   0.0000e+00   0.0000e+00   0.0000e+00   0.0000e+00   0.0000e+00
   4.0755e+02   5.0692e-14   0.0000e+00   0.0000e+00   0.0000e+00   0.0000e+00   0.0000e+00
   4.1206e+02   5.0613e-14   0.0000e+00   0.0000e+00   0.0000e+00   0.0000e+00   0.0000e+00
   4.1662e+02   5.0533e-14   0.0000e+00   0.0000e+00   0.0000e+00   0.0000e+00   0.0000e+00
   4.2124e+02   5.0450e-14   0.0000e+00   0.0000e+00   0.0000e+00   0.0000e+00   0.0000e+00
   4.2590e+02   5.0366e-14   0.0000e+00   0.0000e+00   0.0000e+00   0.0000e+00   0.0000e+00
   4.3062e+02   5.0280e-14   0.0000e+00   0.0000e+00   0.0000e+00   0.0000e+00   0.0000e+00
   4.3539e+02   5.0192e-14   0.0000e+00   0.0000e+00   0.0000e+00   0.0000e+00   0.0000e+00
   4.4021e+02   5.0102e-14   0.0000e+00   0.0000e+00   0.0000e+00   0.0000e+00   0.0000e+00
   4.4508e+02   5.0010e-14   0.0000e+00   0.0000e+00   0.0000e+00   0.0000e+00   0.0000e+00
   4.5001e+02   4.9916e-14   0.0000e+00   0.0000e+00   0.0000e+00   0.0000e+00   0.0000e+00
   4.5499e+02   4.9820e-14   0.0000e+00   0.0000e+00   0.0000e+00   0.0000e+00   0.0000e+00
   4.6003e+02   4.9723e-14   0.0000e+00   0.0000e+00   0.0000e+00   0.0000e+00   0.0000e+00
   4.6513e+02   4.9623e-14   0.0000e+00   0.0000e+00   0.0000e+00   0.0000e+00   0.0000e+00
   4.7028e+02   4.9522e-14   0.0000e+00   0.0000e+00   0.0000e+00   0.0000e+00   0.0000e+00
   4.7549e+02   4.9419e-14   0.0000e+00   0.0000e+00   0.0000e+00   0.0000e+00   0.0000e+00
   4.8075e+02   4.9314e-14   0.0000e+00   0.0000e+00   0.0000e+00   0.0000e+00   0.0000e+00
   4.8608e+02   4.9207e-14   0.0000e+00   0.0000e+00   0.0000e+00   0.0000e+00   0.0000e+00
   4.9146e+02   4.9098e-14   0.0000e+00   0.0000e+00   0.0000e+00   0.0000e+00   0.0000e+00
   4.9690e+02   4.8988e-14   0.0000e+00   0.0000e+00   0.0000e+00   0.0000e+00   0.0000e+00
   5.0240e+02   4.8875e-14   0.0000e+00   0.0000e+00   0.0000e+00   0.0000e+00   0.0000e+00
   5.0797e+02   4.8761e-14   0.0000e+00   0.0000e+00   0.0000e+00   0.0000e+00   0.0000e+00
   5.1359e+02   4.8645e-14   0.0000e+00   0.0000e+00   0.0000e+00   0.0000e+00   0.0000e+00
   5.1928e+02   4.8527e-14   0.0000e+00   0.0000e+00   0.0000e+00   0.0000e+00   0.0000e+00
   5.2503e+02   4.8407e-14   0.0000e+00   0.0000e+00   0.0000e+00   0.0000e+00   0.0000e+00
   5.3084e+02   4.8285e-14   0.0000e+00   0.0000e+00   0.0000e+00   0.0000e+00   0.0000e+00
   5.3672e+02   4.8162e-14   0.0000e+00   0.0000e+00   0.0000e+00   0.0000e+00   0.0000e+00
   5.4267e+02   4.8037e-14   0.0000e+00   0.0000e+00   0.0000e+00   0.0000e+00   0.0000e+00
   5.4868e+02   4.7910e-14   0.0000e+00   0.0000e+00   0.0000e+00   0.0000e+00   0.0000e+00
   5.5475e+02   4.7781e-14   0.0000e+00   0.0000e+00   0.0000e+00   0.0000e+00   0.0000e+00
   5.6090e+02   4.7651e-14   0.0000e+00   0.0000e+00   0.0000e+00   0.0000e+00   0.0000e+00
   5.6711e+02   4.7518e-14   0.0000e+00   0.0000e+00   0.0000e+00   0.0000e+00   0.0000e+00
   5.7339e+02   4.7384e-14   0.0000e+00   0.0000e+00   0.0000e+00   0.0000e+00   0.0000e+00
   5.7974e+02   4.7249e-14   0.0000e+00   0.0000e+00   0.0000e+00   0.0000e+00   0.0000e+00
   5.8616e+02   4.7111e-14   0.0000e+00   0.0000e+00   0.0000e+00   0.0000e+00   0.0000e+00
   5.9265e+02   4.6972e-14   0.0000e+00   0.0000e+00   0.0000e+00   0.0000e+00   0.0000e+00
   5.9921e+02   4.6831e-14   0.0000e+00   0.0000e+00   0.0000e+00   0.0000e+00   0.0000e+00
   6.0585e+02   4.6689e-14   0.0000e+00   0.0000e+00   0.0000e+00   0.0000e+00   0.0000e+00
   6.1256e+02   4.6544e-14   0.0000e+00   0.0000e+00   0.0000e+00   0.0000e+00   0.0000e+00
   6.1934e+02   4.6398e-14   0.0000e+00   0.0000e+00   0.0000e+00   0.0000e+00   0.0000e+00
   6.2620e+02   4.6251e-14   0.0000e+00   0.0000e+00   0.0000e+00   0.0000e+00   0.0000e+00
   6.3313e+02   4.6101e-14   0.0000e+00   0.0000e+00   0.0000e+00   0.0000e+00   0.0000e+00
   6.4014e+02   4.5951e-14   0.0000e+00   0.0000e+00   0.0000e+00   0.0000e+00   0.0000e+00
   6.4723e+02   4.5798e-14   0.0000e+00   0.0000e+00   0.0000e+00   0.0000e+00   0.0000e+00
   6.5440e+02   4.5644e-14   0.0000e+00   0.0000e+00   0.0000e+00   0.0000e+00   0.0000e+00
   6.6165e+02   4.5488e-14   0.0000e+00   0.0000e+00   0.0000e+00   0.0000e+00   0.0000e+00
   6.6897e+02   4.5331e-14   0.0000e+00   0.0000e+00   0.0000e+00   0.0000e+00   0.0000e+00
   6.7638e+02   4.5172e-14   0.0000e+00   0.0000e+00   0.0000e+00   0.0000e+00   0.0000e+00
   6.8387e+02   4.5012e-14   0.0000e+00   0.0000e+00   0.0000e+00   0.0000e+00   0.0000e+00
   6.9144e+02   4.4850e-14   0.0000e+00   0.0000e+00   0.0000e+00   0.0000e+00   0.0000e+00
   6.9910e+02   4.4686e-14   0.0000e+00   0.0000e+00   0.0000e+00   0.0000e+00   0.0000e+00
   7.0684e+02   4.4521e-14   0.0000e+00   0.0000e+00   0.0000e+00   0.0000e+00   0.0000e+00
   7.1467e+02   4.4355e-14   0.0000e+00   0.0000e+00   0.0000e+00   0.0000e+00   0.0000e+00
   7.2259e+02   4.4187e-14   0.0000e+00   0.0000e+00   0.0000e+00   0.0000e+00   0.0000e+00
   7.3059e+02   4.4017e-14   0.0000e+00   0.0000e+00   0.0000e+00   0.0000e+00   0.0000e+00
   7.3868e+02   4.3846e-14   0.0000e+00   0.0000e+00   0.0000e+00   0.0000e+00   0.0000e+00
   7.4686e+02   4.3674e-14   0.0000e+00   0.0000e+00   0.0000e+00   0.0000e+00   0.0000e+00
   7.5513e+02   4.3500e-14   0.0000e+00   0.0000e+00   0.0000e+00   0.0000e+00   0.0000e+00
   7.6349e+02   4.3325e-14   0.0000e+00   0.0000e+00   0.0000e+00   0.0000e+00   0.0000e+00
   7.7195e+02   4.3149e-14   0.0000e+00   0.0000e+00   0.0000e+00   0.0000e+00   0.0000e+00
   7.8049e+02   4.2971e-14   0.0000e+00   0.0000e+00   0.0000e+00   0.0000e+00   0.0000e+00
   7.8914e+02   4.2792e-14   0.0000e+00   0.0000e+00   0.0000e+00   0.0000e+00   0.0000e+00
   7.9788e+02   4.2611e-14   0.0000e+00   0.0000e+00   0.0000e+00   0.0000e+00   0.0000e+00
   8.0671e+02   4.2429e-14   0.0000e+00   0.0000e+00   0.0000e+00   0.0000e+00   0.0000e+00
   8.1565e+02   4.2246e-14   0.0000e+00   0.0000e+00   0.0000e+00   0.0000e+00   0.0000e+00
   8.2468e+02   4.2062e-14   0.0000e+00   0.0000e+00   0.0000e+00   0.0000e+00   0.0000e+00
   8.3381e+02   4.1876e-14   0.0000e+00   0.0000e+00   0.0000e+00   0.0000e+00   0.0000e+00
   8.4304e+02   4.1690e-14   0.0000e+00   0.0000e+00   0.0000e+00   0.0000e+00   0.0000e+00
   8.5238e+02   4.1501e-14   0.0000e+00   0.0000e+00   0.0000e+00   0.0000e+00   0.0000e+00
   8.6182e+02   4.1312e-14   0.0000e+00   0.0000e+00   0.0000e+00   0.0000e+00   0.0000e+00
   8.7136e+02   4.1122e-14   0.0000e+00   0.0000e+00   0.0000e+00   0.0000e+00   0.0000e+00
   8.8101e+02   4.0930e-14   0.0000e+00   0.0000e+00   0.0000e+00   0.0000e+00   0.0000e+00
   8.9077e+02   4.0738e-14   0.0000e+00   0.0000e+00   0.0000e+00   0.0000e+00   0.0000e+00
   9.0063e+02   4.0544e-14   0.0000e+00   0.0000e+00   0.0000e+00   0.0000e+00   0.0000e+00
   9.1061e+02   4.0349e-14   0.0000e+00   0.0000e+00   0.0000e+00   0.0000e+00   0.0000e+00
   9.2069e+02   4.0153e-14   0.0000e+00   0.0000e+00   0.0000e+00   0.0000e+00   0.0000e+00
   9.3089e+02   3.9956e-14   0.0000e+00   0.0000e+00   0.0000e+00   0.0000e+00   0.0000e+00
   9.4119e+02   3.9758e-14   0.0000e+00   0.0000e+00   0.0000e+00   0.0000e+00   0.0000e+00
   9.5162e+02   3.9559e-14   0.0000e+00   0.0000e+00   0.0000e+00   0.0000e+00   0.0000e+00
   9.6216e+02   3.9360e-14   0.0000e+00   0.0000e+00   0.0000e+00   0.0000e+00   0.0000e+00
   9.7281e+02   3.9159e-14   0.0000e+00   0.0000e+00   0.0000e+00   0.0000e+00   0.0000e+00
   9.8358e+02   3.8957e-14   0.0000e+00   0.0000e+00   0.0000e+00   0.0000e+00   0.0000e+00
   9.9448e+02   3.8754e-14   0.0000e+00   0.0000e+00   0.0000e+00   0.0000e+00   0.0000e+00
   1.0055e+03   3.8551e-14   0.0000e+00   0.0000e+00   0.0000e+00   0.0000e+00   0.0000e+00
   1.0166e+03   3.8346e-14   0.0000e+00   0.0000e+00   0.0000e+00   0.0000e+00   0.0000e+00
   1.0279e+03   3.8141e-14   0.0000e+00   0.0000e+00   0.0000e+00   0.0000e+00   0.0000e+00
   1.0393e+03   3.7935e-14   0.0000e+00   0.0000e+00   0.0000e+00   0.0000e+00   0.0000e+00
   1.0508e+03   3.7728e-14   0.0000e+00   0.0000e+00   0.0000e+00   0.0000e+00   0.0000e+00
   1.0624e+03   3.7521e-14   0.0000e+00   0.0000e+00   0.0000e+00   0.0000e+00   0.0000e+00
   1.0742e+03   3.7313e-14   0.0000e+00   0.0000e+00   0.0000e+00   0.0000e+00   0.0000e+00
   1.0861e+03   3.7104e-14   0.0000e+00   0.0000e+00   0.0000e+00   0.0000e+00   0.0000e+00
   1.0981e+03   3.6894e-14   0.0000e+00   0.0000e+00   0.0000e+00   0.0000e+00   0.0000e+00
   1.1103e+03   3.6684e-14   0.0000e+00   0.0000e+00   0.0000e+00   0.0000e+00   0.0000e+00
   1.1226e+03   3.6473e-14   0.0000e+00   0.0000e+00   0.0000e+00   0.0000e+00   0.0000e+00
   1.1350e+03   3.6261e-14   0.0000e+00   0.0000e+00   0.0000e+00   0.0000e+00   0.0000e+00
   1.1476e+03   3.6049e-14   0.0000e+00   0.0000e+00   0.0000e+00   0.0000e+00   0.0000e+00
   1.1603e+03   3.5837e-14   0.0000e+00   0.0000e+00   0.0000e+00   0.0000e+00   0.0000e+00
   1.1731e+03   3.5623e-14   0.0000e+00   0.0000e+00   0.0000e+00   0.0000e+00   0.0000e+00
   1.1861e+03   3.5410e-14   0.0000e+00   0.0000e+00   0.0000e+00   0.0000e+00   0.0000e+00
   1.1992e+03   3.5196e-14   0.0000e+00   0.0000e+00   0.0000e+00   0.0000e+00   0.0000e+00
   1.2125e+03   3.4981e-14   0.0000e+00   0.0000e+00   0.0000e+00   0.0000e+00   0.0000e+00
   1.2259e+03   3.4766e-14   0.0000e+00   0.0000e+00   0.0000e+00   0.0000e+00   0.0000e+00
   1.2395e+03   3.4551e-14   0.0000e+00   0.0000e+00   0.0000e+00   0.0000e+00   0.0000e+00
   1.2532e+03   3.4335e-14   0.0000e+00   0.0000e+00   0.0000e+00   0.0000e+00   0.0000e+00
   1.2671e+03   3.4119e-14   0.0000e+00   0.0000e+00   0.0000e+00   0.0000e+00   0.0000e+00
   1.2812e+03   3.3903e-14   0.0000e+00   0.0000e+00   0.0000e+00   0.0000e+00   0.0000e+00
   1.2953e+03   3.3687e-14   0.0000e+00   0.0000e+00   0.0000e+00   0.0000e+00   0.0000e+00
   1.3097e+03   3.3470e-14   0.0000e+00   0.0000e+00   0.0000e+00   0.0000e+00   0.0000e+00
   1.3242e+03   3.3253e-14   0.0000e+00   0.0000e+00   0.0000e+00   0.0000e+00   0.0000e+00
   1.3389e+03   3.3036e-14   0.0000e+00   0.0000e+00   0.0000e+00   0.0000e+00   0.0000e+00
   1.3537e+03   3.2819e-14   0.0000e+00   0.0000e+00   0.0000e+00   0.0000e+00   0.0000e+00
   1.3687e+03   3.2601e-14   0.0000e+00   0.0000e+00   0.0000e+00   0.0000e+00   0.0000e+00
   1.3838e+03   3.2384e-14   0.0000e+00   0.0000e+00   0.0000e+00   0.0000e+00   0.0000e+00
   1.3992e+03   3.2166e-14   0.0000e+00   0.0000e+00   0.0000e+00   0.0000e+00   0.0000e+00
   1.4146e+03   3.1949e-14   0.0000e+00   0.0000e+00   0.0000e+00   0.0000e+00   0.0000e+00
   1.4303e+03   3.1731e-14   0.0000e+00   0.0000e+00   0.0000e+00   0.0000e+00   0.0000e+00
   1.4462e+03   3.1514e-14   0.0000e+00   0.0000e+00   0.0000e+00   0.0000e+00   0.0000e+00
   1.4622e+03   3.1297e-14   0.0000e+00   0.0000e+00   0.0000e+00   0.0000e+00   0.0000e+00
   1.4784e+03   3.1079e-14   0.0000e+00   0.0000e+00   0.0000e+00   0.0000e+00   0.0000e+00
   1.4947e+03   3.0862e-14   0.0000e+00   0.0000e+00   0.0000e+00   0.0000e+00   0.0000e+00
   1.5113e+03   3.0645e-14   0.0000e+00   0.0000e+00   0.0000e+00   0.0000e+00   0.0000e+00
   1.5280e+03   3.0429e-14   0.0000e+00   0.0000e+00   0.0000e+00   0.0000e+00   0.0000e+00
   1.5449e+03   3.0212e-14   0.0000e+00   0.0000e+00   0.0000e+00   0.0000e+00   0.0000e+00
   1.5620e+03   2.9996e-14   0.0000e+00   0.0000e+00   0.0000e+00   0.0000e+00   0.0000e+00
   1.5793e+03   2.9780e-14   0.0000e+00   0.0000e+00   0.0000e+00   0.0000e+00   0.0000e+00
   1.5968e+03   2.9564e-14   0.0000e+00   0.0000e+00   0.0000e+00   0.0000e+00   0.0000e+00
   1.6145e+03   2.9349e-14   0.0000e+00   0.0000e+00   0.0000e+00   0.0000e+00   0.0000e+00
   1.6324e+03   2.9135e-14   0.0000e+00   0.0000e+00   0.0000e+00   0.0000e+00   0.0000e+00
   1.6505e+03   2.8920e-14   0.0000e+00   0.0000e+00   0.0000e+00   0.0000e+00   0.0000e+00
   1.6688e+03   2.8706e-14   0.0000e+00   0.0000e+00   0.0000e+00   0.0000e+00   0.0000e+00
   1.6872e+03   2.8493e-14   0.0000e+00   0.0000e+00   0.0000e+00   0.0000e+00   0.0000e+00
   1.7059e+03   2.8280e-14   0.0000e+00   0.0000e+00   0.0000e+00   0.0000e+00   0.0000e+00
   1.7248e+03   2.8068e-14   0.0000e+00   0.0000e+00   0.0000e+00   0.0000e+00   0.0000e+00
   1.7439e+03   2.7857e-14   0.0000e+00   0.0000e+00   0.0000e+00   0.0000e+00   0.0000e+00
   1.7632e+03   2.7646e-14   0.0000e+00   0.0000e+00   0.0000e+00   0.0000e+00   0.0000e+00
   1.7827e+03   2.7436e-14   0.0000e+00   0.0000e+00   0.0000e+00   0.0000e+00   0.0000e+00
   1.8025e+03   2.7226e-14   0.0000e+00   0.0000e+00   0.0000e+00   0.0000e+00   0.0000e+00
   1.8225e+03   2.7018e-14   0.0000e+00   0.0000e+00   0.0000e+00   0.0000e+00   0.0000e+00
   1.8426e+03   2.6810e-14   0.0000e+00   0.0000e+00   0.0000e+00   0.0000e+00   0.0000e+00
   1.8630e+03   2.6603e-14   0.0000e+00   0.0000e+00   0.0000e+00   0.0000e+00   0.0000e+00
   1.8837e+03   2.6397e-14   0.0000e+00   0.0000e+00   0.0000e+00   0.0000e+00   0.0000e+00
   1.9045e+03   2.6191e-14   0.0000e+00   0.0000e+00   0.0000e+00   0.0000e+00   0.0000e+00
   1.9256e+03   2.5987e-14   0.0000e+00   0.0000e+00   0.0000e+00   0.0000e+00   0.0000e+00
   1.9469e+03   2.5784e-14   0.0000e+00   0.0000e+00   0.0000e+00   0.0000e+00   0.0000e+00
   1.9685e+03   2.5582e-14   0.0000e+00   0.0000e+00   0.0000e+00   0.0000e+00   0.0000e+00
   1.9903e+03   2.5381e-14   0.0000e+00   0.0000e+00   0.0000e+00   0.0000e+00   0.0000e+00
   2.0123e+03   2.5181e-14   0.0000e+00   0.0000e+00   0.0000e+00   0.0000e+00   0.0000e+00
   2.0346e+03   2.4982e-14   0.0000e+00   0.0000e+00   0.0000e+00   0.0000e+00   0.0000e+00
   2.0572e+03   2.4785e-14   0.0000e+00   0.0000e+00   0.0000e+00   0.0000e+00   0.0000e+00
   2.0799e+03   2.4589e-14   0.0000e+00   0.0000e+00   0.0000e+00   0.0000e+00   0.0000e+00
   2.1030e+03   2.4394e-14   0.0000e+00   0.0000e+00   0.0000e+00   0.0000e+00   0.0000e+00
   2.1263e+03   2.4200e-14   0.0000e+00   0.0000e+00   0.0000e+00   0.0000e+00   0.0000e+00
   2.1498e+03   2.4008e-14   0.0000e+00   0.0000e+00   0.0000e+00   0.0000e+00   0.0000e+00
   2.1736e+03   2.3817e-14   0.0000e+00   0.0000e+00   0.0000e+00   0.0000e+00   0.0000e+00
   2.1977e+03   2.3628e-14   0.0000e+00   0.0000e+00   0.0000e+00   0.0000e+00   0.0000e+00
   2.2220e+03   2.3441e-14   0.0000e+00   0.0000e+00   0.0000e+00   0.0000e+00   0.0000e+00
   2.2466e+03   2.3254e-14   0.0000e+00   0.0000e+00   0.0000e+00   0.0000e+00   0.0000e+00
   2.2715e+03   2.3070e-14   0.0000e+00   0.0000e+00   0.0000e+00   0.0000e+00   0.0000e+00
   2.2967e+03   2.2887e-14   0.0000e+00   0.0000e+00   0.0000e+00   0.0000e+00   0.0000e+00
   2.3221e+03   2.2706e-14   0.0000e+00   0.0000e+00   0.0000e+00   0.0000e+00   0.0000e+00
   2.3478e+03   2.2527e-14   0.0000e+00   0.0000e+00   0.0000e+00   0.0000e+00   0.0000e+00
   2.3738e+03   2.2349e-14   0.0000e+00   0.0000e+00   0.0000e+00   0.0000e+00   0.0000e+00
   2.4001e+03   2.2174e-14   0.0000e+00   0.0000e+00   0.0000e+00   0.0000e+00   0.0000e+00
   2.4267e+03   2.2000e-14   0.0000e+00   0.0000e+00   0.0000e+00   0.0000e+00   0.0000e+00
   2.4535e+03   2.1828e-14   0.0000e+00   0.0000e+00   0.0000e+00   0.0000e+00   0.0000e+00
   2.4807e+03   2.1659e-14   0.0000e+00   0.0000e+00   0.0000e+00   0.0000e+00   0.0000e+00
   2.5082e+03   2.1491e-14   0.0000e+00   0.0000e+00   0.0000e+00   0.0000e+00   0.0000e+00
   2.5360e+03   2.1325e-14   0.0000e+00   0.0000e+00   0.0000e+00   0.0000e+00   0.0000e+00
   2.5641e+03   2.1162e-14   0.0000e+00   0.0000e+00   0.0000e+00   0.0000e+00   0.0000e+00
   2.5924e+03   2.1001e-14   0.0000e+00   0.0000e+00   0.0000e+00   0.0000e+00   0.0000e+00
   2.6212e+03   2.0842e-14   0.0000e+00   0.0000e+00   0.0000e+00   0.0000e+00   0.0000e+00
   2.6502e+03   2.0686e-14   0.0000e+00   0.0000e+00   0.0000e+00   0.0000e+00   0.0000e+00
   2.6795e+03   2.0532e-14   0.0000e+00   0.0000e+00   0.0000e+00   0.0000e+00   0.0000e+00
   2.7092e+03   2.0380e-14   0.0000e+00   0.0000e+00   0.0000e+00   0.0000e+00   0.0000e+00
   2.7392e+03   2.0231e-14   0.0000e+00   0.0000e+00   0.0000e+00   0.0000e+00   0.0000e+00
   2.7695e+03   2.0085e-14   0.0000e+00   0.0000e+00   0.0000e+00   0.0000e+00   0.0000e+00
   2.8002e+03   1.9941e-14   0.0000e+00   0.0000e+00   0.0000e+00   0.0000e+00   0.0000e+00
   2.8312e+03   1.9800e-14   0.0000e+00   0.0000e+00   0.0000e+00   0.0000e+00   0.0000e+00
   2.8626e+03   1.9662e-14   0.0000e+00   0.0000e+00   0.0000e+00   0.0000e+00   0.0000e+00
   2.8943e+03   1.9526e-14   0.0000e+00   0.0000e+00   0.0000e+00   0.0000e+00   0.0000e+00
   2.9263e+03   1.9394e-14   0.0000e+00   0.0000e+00   0.0000e+00   0.0000e+00   0.0000e+00
   2.9587e+03   1.9264e-14   0.0000e+00   0.0000e+00   0.0000e+00   0.0000e+00   0.0000e+00
   2.9915e+03   1.9138e-14   0.0000e+00   0.0000e+00   0.0000e+00   0.0000e+00   0.0000e+00
   3.0246e+03   1.9014e-14   0.0000e+00   0.0000e+00   0.0000e+00   0.0000e+00   0.0000e+00
   3.0581e+03   1.8894e-14   5.6791e-30   0.0000e+00   0.0000e+00   0.0000e+00   0.0000e+00
   3.0920e+03   1.8777e-14   2.4943e-29   0.0000e+00   0.0000e+00   0.0000e+00   0.0000e+00
   3.1262e+03   1.8663e-14   5.3885e-29   0.0000e+00   0.0000e+00   0.0000e+00   0.0000e+00
   3.1608e+03   1.8553e-14   1.0016e-28   0.0000e+00   0.0000e+00   0.0000e+00   0.0000e+00
   3.1958e+03   1.8446e-14   1.7179e-28   0.0000e+00   0.0000e+00   0.0000e+00   0.0000e+00
   3.2312e+03   1.8342e-14   2.7998e-28   0.0000e+00   0.0000e+00   0.0000e+00   0.0000e+00
   3.2670e+03   1.8242e-14   4.4371e-28   0.0000e+00   0.0000e+00   0.0000e+00   0.0000e+00
   3.3032e+03   1.8146e-14   6.8570e-28   0.0000e+00   0.0000e+00   0.0000e+00   0.0000e+00
   3.3398e+03   1.8054e-14   1.0227e-27   0.0000e+00   0.0000e+00   0.0000e+00   0.0000e+00
   3.3768e+03   1.7965e-14   1.4784e-27   0.0000e+00   0.0000e+00   0.0000e+00   0.0000e+00
   3.4142e+03   1.7881e-14   2.0996e-27   0.0000e+00   0.0000e+00   0.0000e+00   0.0000e+00
   3.4520e+03   1.7800e-14   2.9584e-27   3.3733e-31   0.0000e+00   0.0000e+00   0.0000e+00
   3.4902e+03   1.7723e-14   4.1693e-27   9.1065e-30   0.0000e+00   0.0000e+00   0.0000e+00
   3.5288e+03   1.7651e-14   5.7941e-27   2.4112e-29   0.0000e+00   0.0000e+00   0.0000e+00
   3.5679e+03   1.7583e-14   7.9442e-27   5.1121e-29   0.0000e+00   0.0000e+00   0.0000e+00
   3.6074e+03   1.7519e-14   1.0822e-26   1.0556e-28   0.0000e+00   0.0000e+00   0.0000e+00
   3.6474e+03   1.7459e-14   1.4668e-26   2.0172e-28   1.0385e-31   0.0000e+00   0.0000e+00
   3.6878e+03   1.7404e-14   1.9786e-26   3.5460e-28   8.5295e-30   0.0000e+00   0.0000e+00
   3.7286e+03   1.7354e-14   2.6574e-26   5.8463e-28   3.7096e-29   0.0000e+00   0.0000e+00
   3.7699e+03   1.7308e-14   3.5549e-26   9.1987e-28   1.0512e-28   0.0000e+00   0.0000e+00
   3.8116e+03   1.7267e-14   4.7374e-26   1.3981e-27   2.3355e-28   0.0000e+00   0.0000e+00
   3.8539e+03   1.7231e-14   6.2906e-26   2.0692e-27   4.4400e-28   0.0000e+00   0.0000e+00
   3.8965e+03   1.7199e-14   8.3244e-26   3.0001e-27   7.6633e-28   0.0000e+00   0.0000e+00
   3.9397e+03   1.7173e-14   1.0979e-25   4.2800e-27   1.2397e-27   0.0000e+00   0.0000e+00
   3.9833e+03   1.7152e-14   1.4434e-25   6.0286e-27   1.9198e-27   0.0000e+00   0.0000e+00
   4.0274e+03   1.7137e-14   1.8917e-25   8.4045e-27   2.8817e-27   0.0000e+00   0.0000e+00
   4.0720e+03   1.7126e-14   2.4716e-25   1.1615e-26   4.2254e-27   0.0000e+00   0.0000e+00
   4.1171e+03   1.7121e-14   3.2197e-25   1.5933e-26   6.0852e-27   0.0000e+00   0.0000e+00
   4.1627e+03   1.7122e-14   4.1818e-25   2.1719e-26   8.6407e-27   0.0000e+00   0.0000e+00
   4.2088e+03   1.7128e-14   5.4159e-25   2.9445e-26   1.2130e-26   0.0000e+00   0.0000e+00
   4.2554e+03   1.7140e-14   6.9943e-25   3.9725e-26   1.6870e-26   0.0000e+00   0.0000e+00
   4.3025e+03   1.7158e-14   9.0074e-25   5.3353e-26   2.3275e-26   1.9172e-31   0.0000e+00
   4.3502e+03   1.7182e-14   1.1568e-24   7.1364e-26   3.1895e-26   1.1244e-30   0.0000e+00
   4.3984e+03   1.7212e-14   1.4816e-24   9.5087e-26   4.3445e-26   3.3966e-30   0.0000e+00
   4.4471e+03   1.7249e-14   1.8926e-24   1.2624e-25   5.8857e-26   9.2350e-30   3.0736e-30
   4.4963e+03   1.7291e-14   2.4111e-24   1.6700e-25   7.9346e-26   2.0452e-29   3.0752e-29
   4.5461e+03   1.7341e-14   3.0636e-24   2.2019e-25   1.0649e-25   3.9167e-29   9.6782e-29
   4.5964e+03   1.7396e-14   3.8826e-24   2.8940e-25   1.4234e-25   6.8275e-29   2.1818e-28
   4.6473e+03   1.7459e-14   4.9081e-24   3.7916e-25   1.8953e-25   1.1171e-28   4.2054e-28
   4.6988e+03   1.7528e-14   6.1887e-24   4.9525e-25   2.5145e-25   1.7478e-28   7.3531e-28
   4.7508e+03   1.7604e-14   7.7838e-24   6.4496e-25   3.3245e-25   2.6477e-28   1.2051e-27
   4.8035e+03   1.7687e-14   9.7661e-24   8.3748e-25   4.3808e-25   3.9290e-28   1.8896e-27
   4.8566e+03   1.7778e-14   1.2223e-23   1.0843e-24   5.7542e-25   5.7358e-28   2.8683e-27
   4.9104e+03   1.7876e-14   1.5261e-23   1.4000e-24   7.5345e-25   8.2538e-28   4.2474e-27
   4.9648e+03   1.7981e-14   1.9009e-23   1.8025e-24   9.8356e-25   1.1730e-27   6.1698e-27
   5.0198e+03   1.8094e-14   2.3621e-23   2.3144e-24   1.2801e-24   1.6493e-27   8.8270e-27
   5.0754e+03   1.8215e-14   2.9284e-23   2.9636e-24   1.6613e-24   2.2978e-27   1.2473e-26
   5.1316e+03   1.8343e-14   3.6220e-23   3.7848e-24   2.1497e-24   3.1762e-27   1.7444e-26
   5.1884e+03   1.8480e-14   4.4696e-23   4.8208e-24   2.7740e-24   4.3606e-27   2.4188e-26
   5.2459e+03   1.8624e-14   5.5032e-23   6.1244e-24   3.5695e-24   5.9509e-27   3.3291e-26
   5.3040e+03   1.8777e-14   6.7606e-23   7.7604e-24   4.5807e-24   8.0772e-27   4.5526e-26
   5.3627e+03   1.8939e-14   8.2869e-23   9.8084e-24   5.8625e-24   1.0909e-26   6.1903e-26
   5.4221e+03   1.9109e-14   1.0136e-22   1.2366e-23   7.4830e-24   1.4667e-26   8.3742e-26
   5.4821e+03   1.9288e-14   1.2370e-22   1.5551e-23   9.5263e-24   1.9636e-26   1.1276e-25
   5.5428e+03   1.9476e-14   1.5064e-22   1.9509e-23   1.2096e-23   2.6185e-26   1.5118e-25
   5.6042e+03   1.9672e-14   1.8306e-22   2.4414e-23   1.5320e-23   3.4789e-26   2.0188e-25
   5.6663e+03   1.9879e-14   2.2200e-22   3.0480e-23   1.9353e-23   4.6058e-26   2.6857e-25
   5.7290e+03   2.0094e-14   2.6866e-22   3.7962e-23   2.4387e-23   6.0770e-26   3.5601e-25
   5.7925e+03   2.0319e-14   3.2446e-22   4.7168e-23   3.0655e-23   7.9922e-26   4.7031e-25
   5.8566e+03   2.0554e-14   3.9105e-22   5.8472e-23   3.8439e-23   1.0478e-25   6.1926e-25
   5.9215e+03   2.0798e-14   4.7037e-22   7.2317e-23   4.8082e-23   1.3695e-25   8.1277e-25
   5.9870e+03   2.1052e-14   5.6465e-22   8.9236e-23   6.0001e-23   1.7846e-25   1.0634e-24
   6.0533e+03   2.1317e-14   6.7650e-22   1.0987e-22   7.4697e-23   2.3188e-25   1.3872e-24
   6.1204e+03   2.1592e-14   8.0893e-22   1.3496e-22   9.2775e-23   3.0044e-25   1.8043e-24
   6.1882e+03   2.1878e-14   9.6544e-22   1.6543e-22   1.1496e-22   3.8818e-25   2.3399e-24
   6.2567e+03   2.2174e-14   1.1500e-21   2.0233e-22   1.4212e-22   5.0017e-25   3.0260e-24
   6.3260e+03   2.2481e-14   1.3673e-21   2.4692e-22   1.7531e-22   6.4273e-25   3.9023e-24
   6.3960e+03   2.2799e-14   1.6227e-21   3.0070e-22   2.1575e-22   8.2375e-25   5.0185e-24
   6.4669e+03   2.3128e-14   1.9222e-21   3.6542e-22   2.6494e-22   1.0530e-24   6.4367e-24
   6.5385e+03   2.3469e-14   2.2729e-21   4.4314e-22   3.2463e-22   1.3425e-24   8.2337e-24
   6.6109e+03   2.3821e-14   2.6826e-21   5.3627e-22   3.9691e-22   1.7074e-24   1.0505e-23
   6.6841e+03   2.4185e-14   3.1607e-21   6.4766e-22   4.8423e-22   2.1659e-24   1.3367e-23
   6.7581e+03   2.4561e-14   3.7174e-21   7.8060e-22   5.8951e-22   2.7408e-24   1.6967e-23
   6.8329e+03   2.4948e-14   4.3645e-21   9.3895e-22   7.1617e-22   3.4597e-24   2.1481e-23
   6.9086e+03   2.5349e-14   5.1155e-21   1.1272e-21   8.6823e-22   4.3567e-24   2.7128e-23
   6.9851e+03   2.5761e-14   5.9855e-21   1.3505e-21   1.0504e-21   5.4732e-24   3.4175e-23
   7.0625e+03   2.6186e-14   6.9916e-21   1.6149e-21   1.2683e-21   6.8595e-24   4.2948e-23
   7.1407e+03   2.6624e-14   8.1534e-21   1.9274e-21   1.5282e-21   8.5768e-24   5.3843e-23
   7.2198e+03   2.7075e-14   9.4925e-21   2.2959e-21   1.8377e-21   1.0699e-23   6.7341e-23
   7.2997e+03   2.7539e-14   1.1034e-20   2.7299e-21   2.2056e-21   1.3317e-23   8.4024e-23
   7.3805e+03   2.8016e-14   1.2804e-20   3.2398e-21   2.6420e-21   1.6537e-23   1.0460e-22
   7.4623e+03   2.8507e-14   1.4835e-20   3.8379e-21   3.1586e-21   2.0490e-23   1.2991e-22
   7.5449e+03   2.9011e-14   1.7162e-20   4.5381e-21   3.7690e-21   2.5332e-23   1.6097e-22
   7.6285e+03   2.9529e-14   1.9822e-20   5.3565e-21   4.4890e-21   3.1250e-23   1.9902e-22
   7.7129e+03   3.0061e-14   2.2859e-20   6.3112e-21   5.3364e-21   3.8467e-23   2.4551e-22
   7.7984e+03   3.0608e-14   2.6322e-20   7.4230e-21   6.3322e-21   4.7250e-23   3.0220e-22
   7.8847e+03   3.1169e-14   3.0263e-20   8.7155e-21   7.5001e-21   5.7915e-23   3.7116e-22
   7.9720e+03   3.1744e-14   3.4743e-20   1.0215e-20   8.8673e-21   7.0840e-23   4.5488e-22
   8.0603e+03   3.2334e-14   3.9828e-20   1.1953e-20   1.0465e-20   8.6470e-23   5.5629e-22
   8.1496e+03   3.2939e-14   4.5590e-20   1.3962e-20   1.2329e-20   1.0533e-22   6.7888e-22
   8.2398e+03   3.3559e-14   5.2110e-20   1.6283e-20   1.4499e-20   1.2805e-22   8.2677e-22
   8.3311e+03   3.4194e-14   5.9479e-20   1.8957e-20   1.7022e-20   1.5536e-22   1.0048e-21
   8.4233e+03   3.4844e-14   6.7794e-20   2.2035e-20   1.9950e-20   1.8812e-22   1.2186e-21
   8.5166e+03   3.5510e-14   7.7163e-20   2.5571e-20   2.3341e-20   2.2733e-22   1.4750e-21
   8.6109e+03   3.6192e-14   8.7707e-20   2.9628e-20   2.7264e-20   2.7420e-22   1.7818e-21
   8.7063e+03   3.6890e-14   9.9555e-20   3.4273e-20   3.1793e-20   3.3009e-22   2.1482e-21
   8.8027e+03   3.7603e-14   1.1285e-19   3.9585e-20   3.7014e-20   3.9662e-22   2.5848e-21
   8.9002e+03   3.8333e-14   1.2776e-19   4.5650e-20   4.3022e-20   4.7567e-22   3.1041e-21
   8.9987e+03   3.9079e-14   1.4444e-19   5.2563e-20   4.9925e-20   5.6941e-22   3.7207e-21
   9.0984e+03   3.9841e-14   1.6308e-19   6.0431e-20   5.7844e-20   6.8038e-22   4.4514e-21
   9.1991e+03   4.0621e-14   1.8390e-19   6.9374e-20   6.6914e-20   8.1151e-22   5.3156e-21
   9.3010e+03   4.1416e-14   2.0711e-19   7.9522e-20   7.7286e-20   9.6617e-22   6.3358e-21
   9.4040e+03   4.2229e-14   2.3295e-19   9.1021e-20   8.9129e-20   1.1483e-21   7.5381e-21
   9.5081e+03   4.3058e-14   2.6170e-19   1.0403e-19   1.0263e-19   1.3623e-21   8.9524e-21
   9.6134e+03   4.3905e-14   2.9363e-19   1.1873e-19   1.1800e-19   1.6134e-21   1.0613e-20
   9.7199e+03   4.4769e-14   3.2905e-19   1.3532e-19   1.3547e-19   1.9075e-21   1.2559e-20
   9.8275e+03   4.5650e-14   3.6831e-19   1.5400e-19   1.5529e-19   2.2514e-21   1.4837e-20
   9.9364e+03   4.6548e-14   4.1176e-19   1.7502e-19   1.7776e-19   2.6528e-21   1.7496e-20
   1.0046e+04   4.7464e-14   4.5979e-19   1.9864e-19   2.0319e-19   3.1206e-21   2.0598e-20
   1.0158e+04   4.8398e-14   5.1283e-19   2.2514e-19   2.3192e-19   3.6649e-21   2.4208e-20
   1.0270e+04   4.9349e-14   5.7133e-19   2.5483e-19   2.6434e-19   4.2970e-21   2.8404e-20
   1.0384e+04   5.0318e-14   6.3577e-19   2.8806e-19   3.0087e-19   5.0302e-21   3.3271e-20
   1.0499e+04   5.1305e-14   7.0670e-19   3.2518e-19   3.4198e-19   5.8790e-21   3.8909e-20
   1.0615e+04   5.2310e-14   7.8466e-19   3.6662e-19   3.8818e-19   6.8602e-21   4.5428e-20
   1.0733e+04   5.3332e-14   8.7026e-19   4.1280e-19   4.4003e-19   7.9927e-21   5.2955e-20
   1.0852e+04   5.4373e-14   9.6416e-19   4.6421e-19   4.9813e-19   9.2978e-21   6.1631e-20
   1.0972e+04   5.5432e-14   1.0670e-18   5.2136e-19   5.6316e-19   1.0800e-20   7.1617e-20
   1.1093e+04   5.6509e-14   1.1796e-18   5.8482e-19   6.3584e-19   1.2525e-20   8.3091e-20
   1.1216e+04   5.7604e-14   1.3028e-18   6.5519e-19   7.1698e-19   1.4504e-20   9.6255e-20
   1.1340e+04   5.8717e-14   1.4372e-18   7.3314e-19   8.0744e-19   1.6772e-20   1.1134e-19
   1.1466e+04   5.9848e-14   1.5840e-18   8.1937e-19   9.0817e-19   1.9365e-20   1.2859e-19
   1.1593e+04   6.0998e-14   1.7439e-18   9.1464e-19   1.0202e-18   2.2327e-20   1.4829e-19
   1.1721e+04   6.2166e-14   1.9180e-18   1.0198e-18   1.1446e-18   2.5705e-20   1.7076e-19
   1.1851e+04   6.3351e-14   2.1075e-18   1.1357e-18   1.2826e-18   2.9553e-20   1.9635e-19
   1.1982e+04   6.4555e-14   2.3134e-18   1.2633e-18   1.4355e-18   3.3929e-20   2.2546e-19
   1.2115e+04   6.5777e-14   2.5369e-18   1.4037e-18   1.6047e-18   3.8900e-20   2.5851e-19
   1.2249e+04   6.7017e-14   2.7794e-18   1.5579e-18   1.7917e-18   4.4537e-20   2.9598e-19
   1.2385e+04   6.8275e-14   3.0422e-18   1.7271e-18   1.9981e-18   5.0922e-20   3.3842e-19
   1.2522e+04   6.9551e-14   3.3266e-18   1.9125e-18   2.2258e-18   5.8144e-20   3.8641e-19
   1.2661e+04   7.0845e-14   3.6344e-18   2.1155e-18   2.4765e-18   6.6302e-20   4.4061e-19
   1.2801e+04   7.2156e-14   3.9669e-18   2.3376e-18   2.7524e-18   7.5506e-20   5.0173e-19
   1.2942e+04   7.3485e-14   4.3259e-18   2.5802e-18   3.0555e-18   8.5876e-20   5.7057e-19
   1.3086e+04   7.4832e-14   4.7132e-18   2.8449e-18   3.3882e-18   9.7545e-20   6.4801e-19
   1.3231e+04   7.6196e-14   5.1306e-18   3.1335e-18   3.7531e-18   1.1066e-19   7.3499e-19
   1.3377e+04   7.7577e-14   5.5802e-18   3.4478e-18   4.1527e-18   1.2538e-19   8.3258e-19
   1.3525e+04   7.8976e-14   6.0638e-18   3.7898e-18   4.5899e-18   1.4188e-19   9.4192e-19
   1.3675e+04   8.0392e-14   6.5837e-18   4.1614e-18   5.0677e-18   1.6035e-19   1.0643e-18
   1.3827e+04   8.1824e-14   7.1421e-18   4.5648e-18   5.5894e-18   1.8101e-19   1.2010e-18
   1.3980e+04   8.3273e-14   7.7415e-18   5.0024e-18   6.1583e-18   2.0408e-19   1.3537e-18
   1.4135e+04   8.4739e-14   8.3842e-18   5.4766e-18   6.7781e-18   2.2982e-19   1.5239e-18
   1.4291e+04   8.6221e-14   9.0727e-18   5.9898e-18   7.4527e-18   2.5850e-19   1.7134e-18
   1.4449e+04   8.7719e-14   9.8099e-18   6.5449e-18   8.1861e-18   2.9042e-19   1.9242e-18
   1.4609e+04   8.9233e-14   1.0598e-17   7.1445e-18   8.9827e-18   3.2590e-19   2.1584e-18
   1.4771e+04   9.0763e-14   1.1441e-17   7.7918e-18   9.8471e-18   3.6530e-19   2.4183e-18
   1.4935e+04   9.2308e-14   1.2342e-17   8.4897e-18   1.0784e-17   4.0900e-19   2.7063e-18
   1.5100e+04   9.3869e-14   1.3303e-17   9.2417e-18   1.1799e-17   4.5742e-19   3.0251e-18
   1.5267e+04   9.5444e-14   1.4327e-17   1.0051e-17   1.2897e-17   5.1100e-19   3.3777e-18
   1.5436e+04   9.7034e-14   1.5419e-17   1.0921e-17   1.4083e-17   5.7024e-19   3.7672e-18
   1.5607e+04   9.8638e-14   1.6582e-17   1.1856e-17   1.5365e-17   6.3565e-19   4.1969e-18
   1.5780e+04   1.0026e-13   1.7820e-17   1.2860e-17   1.6747e-17   7.0780e-19   4.6706e-18
   1.5955e+04   1.0189e-13   1.9135e-17   1.3937e-17   1.8237e-17   7.8731e-19   5.1921e-18
   1.6132e+04   1.0353e-13   2.0533e-17   1.5091e-17   1.9841e-17   8.7483e-19   5.7656e-18
   1.6310e+04   1.0519e-13   2.2018e-17   1.6326e-17   2.1568e-17   9.7106e-19   6.3956e-18
   1.6491e+04   1.0687e-13   2.3593e-17   1.7647e-17   2.3423e-17   1.0768e-18   7.0871e-18
   1.6673e+04   1.0855e-13   2.5263e-17   1.9059e-17   2.5416e-17   1.1928e-18   7.8453e-18
   1.6858e+04   1.1025e-13   2.7032e-17   2.0567e-17   2.7554e-17   1.3200e-18   8.6756e-18
   1.7045e+04   1.1195e-13   2.8906e-17   2.2177e-17   2.9847e-17   1.4592e-18   9.5841e-18
   1.7234e+04   1.1367e-13   3.0889e-17   2.3892e-17   3.2303e-17   1.6116e-18   1.0577e-17
   1.7424e+04   1.1540e-13   3.2985e-17   2.5720e-17   3.4931e-17   1.7782e-18   1.1661e-17
   1.7617e+04   1.1714e-13   3.5201e-17   2.7666e-17   3.7741e-17   1.9601e-18   1.2844e-17
   1.7812e+04   1.1890e-13   3.7541e-17   2.9736e-17   4.0745e-17   2.1585e-18   1.4133e-17
   1.8010e+04   1.2066e-13   4.0011e-17   3.1935e-17   4.3951e-17   2.3748e-18   1.5537e-17
   1.8209e+04   1.2243e-13   4.2616e-17   3.4271e-17   4.7371e-17   2.6103e-18   1.7063e-17
   1.8411e+04   1.2421e-13   4.5362e-17   3.6750e-17   5.1016e-17   2.8664e-18   1.8722e-17
   1.8615e+04   1.2599e-13   4.8255e-17   3.9378e-17   5.4899e-17   3.1449e-18   2.0523e-17
   1.8821e+04   1.2779e-13   5.1301e-17   4.2163e-17   5.9030e-17   3.4472e-18   2.2477e-17
   1.9029e+04   1.2959e-13   5.4505e-17   4.5111e-17   6.3424e-17   3.7753e-18   2.4594e-17
   1.9240e+04   1.3140e-13   5.7875e-17   4.8230e-17   6.8092e-17   4.1309e-18   2.6887e-17
   1.9453e+04   1.3322e-13   6.1417e-17   5.1528e-17   7.3048e-17   4.5160e-18   2.9367e-17
   1.9668e+04   1.3504e-13   6.5137e-17   5.5012e-17   7.8307e-17   4.9327e-18   3.2047e-17
   1.9886e+04   1.3687e-13   6.9041e-17   5.8691e-17   8.3881e-17   5.3833e-18   3.4942e-17
   2.0106e+04   1.3871e-13   7.3138e-17   6.2571e-17   8.9787e-17   5.8699e-18   3.8065e-17
   2.0329e+04   1.4054e-13   7.7433e-17   6.6662e-17   9.6038e-17   6.3952e-18   4.1432e-17
   2.0554e+04   1.4239e-13   8.1935e-17   7.0971e-17   1.0265e-16   6.9617e-18   4.5058e-17
   2.0782e+04   1.4423e-13   8.6649e-17   7.5508e-17   1.0964e-16   7.5722e-18   4.8962e-17
   2.1012e+04   1.4608e-13   9.1585e-17   8.0282e-17   1.1703e-16   8.2294e-18   5.3159e-17
   2.1245e+04   1.4794e-13   9.6749e-17   8.5300e-17   1.2482e-16   8.9364e-18   5.7669e-17
   2.1480e+04   1.4979e-13   1.0215e-16   9.0573e-17   1.3304e-16   9.6965e-18   6.2512e-17
   2.1718e+04   1.5165e-13   1.0779e-16   9.6109e-17   1.4171e-16   1.0513e-17   6.7706e-17
   2.1958e+04   1.5350e-13   1.1369e-16   1.0192e-16   1.5084e-16   1.1389e-17   7.3275e-17
   2.2201e+04   1.5536e-13   1.1984e-16   1.0801e-16   1.6044e-16   1.2329e-17   7.9239e-17
   2.2447e+04   1.5722e-13   1.2626e-16   1.1439e-16   1.7055e-16   1.3335e-17   8.5622e-17
   2.2696e+04   1.5908e-13   1.3296e-16   1.2108e-16   1.8118e-16   1.4413e-17   9.2448e-17
   2.2947e+04   1.6093e-13   1.3995e-16   1.2808e-16   1.9235e-16   1.5567e-17   9.9744e-17
   2.3201e+04   1.6279e-13   1.4723e-16   1.3540e-16   2.0407e-16   1.6800e-17   1.0753e-16
   2.3458e+04   1.6464e-13   1.5480e-16   1.4305e-16   2.1637e-16   1.8118e-17   1.1585e-16
   2.3718e+04   1.6649e-13   1.6269e-16   1.5105e-16   2.2927e-16   1.9525e-17   1.2471e-16
   2.3981e+04   1.6834e-13   1.7090e-16   1.5939e-16   2.4279e-16   2.1026e-17   1.3415e-16
   2.4246e+04   1.7018e-13   1.7944e-16   1.6811e-16   2.5694e-16   2.2626e-17   1.4421e-16
   2.4515e+04   1.7202e-13   1.8832e-16   1.7719e-16   2.7176e-16   2.4331e-17   1.5491e-16
   2.4786e+04   1.7385e-13   1.9754e-16   1.8666e-16   2.8726e-16   2.6146e-17   1.6629e-16
   2.5061e+04   1.7568e-13   2.0711e-16   1.9652e-16   3.0346e-16   2.8077e-17   1.7837e-16
   2.5338e+04   1.7750e-13   2.1706e-16   2.0679e-16   3.2039e-16   3.0130e-17   1.9121e-16
   2.5619e+04   1.7932e-13   2.2737e-16   2.1748e-16   3.3806e-16   3.2311e-17   2.0483e-16
   2.5903e+04   1.8113e-13   2.3807e-16   2.2859e-16   3.5651e-16   3.4626e-17   2.1927e-16
   2.6189e+04   1.8293e-13   2.4916e-16   2.4015e-16   3.7574e-16   3.7083e-17   2.3457e-16
   2.6479e+04   1.8473e-13   2.6066e-16   2.5215e-16   3.9580e-16   3.9688e-17   2.5078e-16
   2.6773e+04   1.8651e-13   2.7257e-16   2.6461e-16   4.1669e-16   4.2449e-17   2.6793e-16
   2.7069e+04   1.8829e-13   2.8490e-16   2.7753e-16   4.3844e-16   4.5372e-17   2.8607e-16
   2.7369e+04   1.9005e-13   2.9766e-16   2.9094e-16   4.6107e-16   4.8465e-17   3.0524e-16
   2.7672e+04   1.9181e-13   3.1086e-16   3.0485e-16   4.8462e-16   5.1737e-17   3.2549e-16
   2.7978e+04   1.9356e-13   3.2451e-16   3.1925e-16   5.0909e-16   5.5196e-17   3.4687e-16
   2.8288e+04   1.9529e-13   3.3862e-16   3.3417e-16   5.3451e-16   5.8849e-17   3.6942e-16
   2.8602e+04   1.9701e-13   3.5320e-16   3.4961e-16   5.6091e-16   6.2705e-17   3.9320e-16
   2.8918e+04   1.9872e-13   3.6827e-16   3.6558e-16   5.8832e-16   6.6774e-17   4.1826e-16
   2.9238e+04   2.0042e-13   3.8382e-16   3.8210e-16   6.1674e-16   7.1063e-17   4.4464e-16
   2.9562e+04   2.0211e-13   3.9987e-16   3.9917e-16   6.4621e-16   7.5584e-17   4.7241e-16
   2.9890e+04   2.0378e-13   4.1643e-16   4.1681e-16   6.7675e-16   8.0345e-17   5.0163e-16
   3.0221e+04   2.0544e-13   4.3351e-16   4.3502e-16   7.0838e-16   8.5356e-17   5.3234e-16
   3.0555e+04   2.0708e-13   4.5112e-16   4.5381e-16   7.4113e-16   9.0628e-17   5.6460e-16
   3.0894e+04   2.0871e-13   4.6926e-16   4.7320e-16   7.7501e-16   9.6170e-17   5.9848e-16
   3.1236e+04   2.1032e-13   4.8795e-16   4.9319e-16   8.1005e-16   1.0199e-16   6.3404e-16
   3.1582e+04   2.1192e-13   5.0720e-16   5.1379e-16   8.4628e-16   1.0811e-16   6.7134e-16
   3.1931e+04   2.1350e-13   5.2702e-16   5.3502e-16   8.8371e-16   1.1453e-16   7.1044e-16
   3.2285e+04   2.1507e-13   5.4741e-16   5.5688e-16   9.2236e-16   1.2126e-16   7.5141e-16
   3.2643e+04   2.1662e-13   5.6839e-16   5.7937e-16   9.6227e-16   1.2832e-16   7.9431e-16
   3.3004e+04   2.1815e-13   5.8997e-16   6.0251e-16   1.0034e-15   1.3572e-16   8.3921e-16
   3.3370e+04   2.1966e-13   6.1215e-16   6.2631e-16   1.0459e-15   1.4347e-16   8.8619e-16
   3.3739e+04   2.2115e-13   6.3494e-16   6.5078e-16   1.0897e-15   1.5158e-16   9.3531e-16
   3.4113e+04   2.2263e-13   6.5835e-16   6.7591e-16   1.1348e-15   1.6007e-16   9.8664e-16
   3.4490e+04   2.2409e-13   6.8240e-16   7.0173e-16   1.1812e-15   1.6894e-16   1.0403e-15
   3.4872e+04   2.2552e-13   7.0708e-16   7.2823e-16   1.2291e-15   1.7822e-16   1.0962e-15
   3.5259e+04   2.2694e-13   7.3241e-16   7.5543e-16   1.2783e-15   1.8791e-16   1.1547e-15
   3.5649e+04   2.2834e-13   7.5841e-16   7.8333e-16   1.3289e-15   1.9803e-16   1.2156e-15
   3.6044e+04   2.2972e-13   7.8507e-16   8.1193e-16   1.3810e-15   2.0858e-16   1.2791e-15
   3.6443e+04   2.3108e-13   8.1241e-16   8.4125e-16   1.4345e-15   2.1960e-16   1.3453e-15
   3.6847e+04   2.3241e-13   8.4042e-16   8.7129e-16   1.4894e-15   2.3108e-16   1.4142e-15
   3.7255e+04   2.3373e-13   8.6914e-16   9.0205e-16   1.5459e-15   2.4305e-16   1.4859e-15
   3.7667e+04   2.3502e-13   8.9855e-16   9.3355e-16   1.6038e-15   2.5552e-16   1.5606e-15
   3.8084e+04   2.3629e-13   9.2866e-16   9.6578e-16   1.6632e-15   2.6850e-16   1.6383e-15
   3.8506e+04   2.3754e-13   9.5950e-16   9.9875e-16   1.7242e-15   2.8200e-16   1.7190e-15
   3.8932e+04   2.3877e-13   9.9105e-16   1.0325e-15   1.7867e-15   2.9605e-16   1.8029e-15
   3.9364e+04   2.3998e-13   1.0233e-15   1.0669e-15   1.8508e-15   3.1066e-16   1.8900e-15
   3.9799e+04   2.4116e-13   1.0564e-15   1.1022e-15   1.9164e-15   3.2584e-16   1.9804e-15
   4.0240e+04   2.4232e-13   1.0901e-15   1.1381e-15   1.9837e-15   3.4161e-16   2.0743e-15
   4.0686e+04   2.4346e-13   1.1247e-15   1.1749e-15   2.0525e-15   3.5798e-16   2.1717e-15
   4.1136e+04   2.4457e-13   1.1599e-15   1.2124e-15   2.1229e-15   3.7498e-16   2.2726e-15
   4.1592e+04   2.4566e-13   1.1960e-15   1.2506e-15   2.1949e-15   3.9260e-16   2.3773e-15
   4.2053e+04   2.4673e-13   1.2328e-15   1.2896e-15   2.2686e-15   4.1088e-16   2.4857e-15
   4.2518e+04   2.4777e-13   1.2704e-15   1.3294e-15   2.3439e-15   4.2983e-16   2.5979e-15
   4.2989e+04   2.4879e-13   1.3088e-15   1.3700e-15   2.4208e-15   4.4947e-16   2.7141e-15
   4.3465e+04   2.4979e-13   1.3480e-15   1.4113e-15   2.4994e-15   4.6980e-16   2.8344e-15
   4.3946e+04   2.5076e-13   1.3879e-15   1.4534e-15   2.5797e-15   4.9085e-16   2.9588e-15
   4.4433e+04   2.5171e-13   1.4287e-15   1.4963e-15   2.6616e-15   5.1263e-16   3.0874e-15
   4.4925e+04   2.5263e-13   1.4703e-15   1.5399e-15   2.7452e-15   5.3516e-16   3.2203e-15
   4.5423e+04   2.5353e-13   1.5127e-15   1.5843e-15   2.8305e-15   5.5846e-16   3.3576e-15
   4.5926e+04   2.5440e-13   1.5559e-15   1.6295e-15   2.9174e-15   5.8254e-16   3.4994e-15
   4.6434e+04   2.5525e-13   1.5999e-15   1.6755e-15   3.0061e-15   6.0741e-16   3.6458e-15
   4.6948e+04   2.5607e-13   1.6447e-15   1.7222e-15   3.0964e-15   6.3311e-16   3.7968e-15
   4.7468e+04   2.5687e-13   1.6904e-15   1.7697e-15   3.1884e-15   6.5963e-16   3.9527e-15
   4.7994e+04   2.5765e-13   1.7369e-15   1.8179e-15   3.2821e-15   6.8701e-16   4.1134e-15
   4.8526e+04   2.5840e-13   1.7843e-15   1.8669e-15   3.3775e-15   7.1524e-16   4.2790e-15
   4.9063e+04   2.5912e-13   1.8325e-15   1.9166e-15   3.4746e-15   7.4436e-16   4.4497e-15
   4.9606e+04   2.5982e-13   1.8815e-15   1.9671e-15   3.5734e-15   7.7438e-16   4.6255e-15
   5.0156e+04   2.6050e-13   1.9314e-15   2.0184e-15   3.6739e-15   8.0531e-16   4.8066e-15
   5.0711e+04   2.6115e-13   1.9821e-15   2.0704e-15   3.7761e-15   8.3717e-16   4.9930e-15
   5.1273e+04   2.6178e-13   2.0337e-15   2.1231e-15   3.8800e-15   8.6997e-16   5.1848e-15
   5.1840e+04   2.6238e-13   2.0861e-15   2.1766e-15   3.9855e-15   9.0374e-16   5.3821e-15
   5.2414e+04   2.6296e-13   2.1394e-15   2.2308e-15   4.0927e-15   9.3849e-16   5.5850e-15
   5.2995e+04   2.6351e-13   2.1936e-15   2.2857e-15   4.2016e-15   9.7423e-16   5.7936e-15
   5.3582e+04   2.6404e-13   2.2486e-15   2.3414e-15   4.3122e-15   1.0110e-15   6.0079e-15
   5.4175e+04   2.6454e-13   2.3044e-15   2.3977e-15   4.4244e-15   1.0488e-15   6.2281e-15
   5.4775e+04   2.6502e-13   2.3612e-15   2.4548e-15   4.5382e-15   1.0876e-15   6.4542e-15
   5.5382e+04   2.6547e-13   2.4188e-15   2.5125e-15   4.6538e-15   1.1274e-15   6.6864e-15
   5.5995e+04   2.6590e-13   2.4772e-15   2.5710e-15   4.7709e-15   1.1684e-15   6.9247e-15
   5.6615e+04   2.6631e-13   2.5365e-15   2.6301e-15   4.8897e-15   1.2104e-15   7.1692e-15
   5.7242e+04   2.6669e-13   2.5967e-15   2.6899e-15   5.0101e-15   1.2536e-15   7.4200e-15
   5.7876e+04   2.6705e-13   2.6577e-15   2.7504e-15   5.1321e-15   1.2978e-15   7.6772e-15
   5.8517e+04   2.6738e-13   2.7196e-15   2.8116e-15   5.2557e-15   1.3432e-15   7.9408e-15
   5.9165e+04   2.6770e-13   2.7824e-15   2.8734e-15   5.3808e-15   1.3897e-15   8.2110e-15
   5.9820e+04   2.6798e-13   2.8460e-15   2.9358e-15   5.5076e-15   1.4374e-15   8.4877e-15
   6.0482e+04   2.6825e-13   2.9105e-15   2.9989e-15   5.6358e-15   1.4862e-15   8.7712e-15
   6.1152e+04   2.6849e-13   2.9758e-15   3.0626e-15   5.7657e-15   1.5363e-15   9.0615e-15
   6.1829e+04   2.6871e-13   3.0420e-15   3.1269e-15   5.8970e-15   1.5875e-15   9.3586e-15
   6.2514e+04   2.6890e-13   3.1091e-15   3.1919e-15   6.0299e-15   1.6399e-15   9.6626e-15
   6.3206e+04   2.6907e-13   3.1770e-15   3.2574e-15   6.1642e-15   1.6936e-15   9.9737e-15
   6.3906e+04   2.6922e-13   3.2457e-15   3.3235e-15   6.3001e-15   1.7485e-15   1.0292e-14
   6.4614e+04   2.6935e-13   3.3153e-15   3.3902e-15   6.4374e-15   1.8047e-15   1.0617e-14
   6.5329e+04   2.6946e-13   3.3858e-15   3.4575e-15   6.5761e-15   1.8621e-15   1.0950e-14
   6.6053e+04   2.6954e-13   3.4570e-15   3.5253e-15   6.7163e-15   1.9207e-15   1.1289e-14
   6.6784e+04   2.6960e-13   3.5291e-15   3.5937e-15   6.8578e-15   1.9807e-15   1.1637e-14
   6.7524e+04   2.6964e-13   3.6021e-15   3.6626e-15   7.0008e-15   2.0419e-15   1.1991e-14
   6.8272e+04   2.6966e-13   3.6758e-15   3.7320e-15   7.1451e-15   2.1045e-15   1.2353e-14
   6.9028e+04   2.6966e-13   3.7504e-15   3.8019e-15   7.2907e-15   2.1684e-15   1.2723e-14
   6.9792e+04   2.6964e-13   3.8258e-15   3.8723e-15   7.4377e-15   2.2335e-15   1.3100e-14
   7.0565e+04   2.6959e-13   3.9021e-15   3.9433e-15   7.5860e-15   2.3000e-15   1.3485e-14
   7.1347e+04   2.6953e-13   3.9791e-15   4.0147e-15   7.7355e-15   2.3679e-15   1.3878e-14
   7.2137e+04   2.6944e-13   4.0570e-15   4.0865e-15   7.8864e-15   2.4371e-15   1.4278e-14
   7.2935e+04   2.6934e-13   4.1356e-15   4.1588e-15   8.0384e-15   2.5077e-15   1.4687e-14
   7.3743e+04   2.6922e-13   4.2150e-15   4.2316e-15   8.1917e-15   2.5796e-15   1.5103e-14
   7.4560e+04   2.6907e-13   4.2952e-15   4.3048e-15   8.3462e-15   2.6529e-15   1.5527e-14
   7.5385e+04   2.6891e-13   4.3762e-15   4.3784e-15   8.5018e-15   2.7275e-15   1.5960e-14
   7.6220e+04   2.6873e-13   4.4580e-15   4.4524e-15   8.6586e-15   2.8036e-15   1.6400e-14
   7.7064e+04   2.6853e-13   4.5406e-15   4.5268e-15   8.8165e-15   2.8810e-15   1.6848e-14
   7.7918e+04   2.6831e-13   4.6239e-15   4.6015e-15   8.9754e-15   2.9598e-15   1.7305e-14
   7.8781e+04   2.6807e-13   4.7079e-15   4.6767e-15   9.1355e-15   3.0401e-15   1.7770e-14
   7.9653e+04   2.6782e-13   4.7927e-15   4.7522e-15   9.2966e-15   3.1217e-15   1.8243e-14
   8.0535e+04   2.6754e-13   4.8783e-15   4.8280e-15   9.4587e-15   3.2048e-15   1.8725e-14
   8.1427e+04   2.6725e-13   4.9645e-15   4.9042e-15   9.6218e-15   3.2892e-15   1.9214e-14
   8.2329e+04   2.6695e-13   5.0516e-15   4.9806e-15   9.7859e-15   3.3751e-15   1.9712e-14
   8.3240e+04   2.6662e-13   5.1393e-15   5.0574e-15   9.9509e-15   3.4624e-15   2.0219e-14
   8.4162e+04   2.6628e-13   5.2277e-15   5.1345e-15   1.0117e-14   3.5511e-15   2.0734e-14
   8.5094e+04   2.6592e-13   5.3168e-15   5.2118e-15   1.0284e-14   3.6412e-15   2.1258e-14
   8.6036e+04   2.6555e-13   5.4067e-15   5.2894e-15   1.0451e-14   3.7328e-15   2.1790e-14
   8.6989e+04   2.6516e-13   5.4972e-15   5.3672e-15   1.0620e-14   3.8258e-15   2.2330e-14
   8.7953e+04   2.6476e-13   5.5883e-15   5.4453e-15   1.0789e-14   3.9202e-15   2.2879e-14
   8.8927e+04   2.6434e-13   5.6802e-15   5.5236e-15   1.0959e-14   4.0160e-15   2.3437e-14
   8.9911e+04   2.6390e-13   5.7727e-15   5.6021e-15   1.1130e-14   4.1133e-15   2.4003e-14
   9.0907e+04   2.6345e-13   5.8658e-15   5.6809e-15   1.1302e-14   4.2120e-15   2.4578e-14
   9.1914e+04   2.6299e-13   5.9596e-15   5.7598e-15   1.1474e-14   4.3121e-15   2.5162e-14
   9.2932e+04   2.6251e-13   6.0540e-15   5.8388e-15   1.1647e-14   4.4136e-15   2.5754e-14
   9.3961e+04   2.6202e-13   6.1491e-15   5.9181e-15   1.1821e-14   4.5166e-15   2.6355e-14
   9.5001e+04   2.6151e-13   6.2447e-15   5.9974e-15   1.1995e-14   4.6210e-15   2.6965e-14
   9.6053e+04   2.6100e-13   6.3409e-15   6.0769e-15   1.2170e-14   4.7268e-15   2.7584e-14
   9.7117e+04   2.6046e-13   6.4378e-15   6.1566e-15   1.2345e-14   4.8340e-15   2.8211e-14
   9.8192e+04   2.5992e-13   6.5352e-15   6.2363e-15   1.2521e-14   4.9426e-15   2.8847e-14
   9.9280e+04   2.5936e-13   6.6332e-15   6.3161e-15   1.2697e-14   5.0526e-15   2.9492e-14
   1.0038e+05   2.5879e-13   6.7317e-15   6.3961e-15   1.2874e-14   5.1640e-15   3.0146e-14
   1.0149e+05   2.5821e-13   6.8308e-15   6.4760e-15   1.3051e-14   5.2768e-15   3.0808e-14
   1.0261e+05   2.5762e-13   6.9304e-15   6.5561e-15   1.3229e-14   5.3910e-15   3.1479e-14
   1.0375e+05   2.5701e-13   7.0305e-15   6.6362e-15   1.3407e-14   5.5066e-15   3.2159e-14
   1.0490e+05   2.5640e-13   7.1312e-15   6.7163e-15   1.3586e-14   5.6236e-15   3.2848e-14
   1.0606e+05   2.5577e-13   7.2323e-15   6.7965e-15   1.3765e-14   5.7419e-15   3.3546e-14
   1.0724e+05   2.5514e-13   7.3340e-15   6.8766e-15   1.3944e-14   5.8616e-15   3.4252e-14
   1.0842e+05   2.5449e-13   7.4361e-15   6.9568e-15   1.4123e-14   5.9826e-15   3.4967e-14
   1.0962e+05   2.5383e-13   7.5387e-15   7.0369e-15   1.4303e-14   6.1050e-15   3.5691e-14
   1.1084e+05   2.5316e-13   7.6417e-15   7.1170e-15   1.4483e-14   6.2287e-15   3.6424e-14
   1.1207e+05   2.5249e-13   7.7452e-15   7.1971e-15   1.4663e-14   6.3538e-15   3.7166e-14
   1.1331e+05   2.5180e-13   7.8491e-15   7.2772e-15   1.4843e-14   6.4801e-15   3.7916e-14
   1.1456e+05   2.5111e-13   7.9535e-15   7.3571e-15   1.5024e-14   6.6078e-15   3.8675e-14
   1.1583e+05   2.5040e-13   8.0582e-15   7.4370e-15   1.5204e-14   6.7368e-15   3.9443e-14
   1.1711e+05   2.4969e-13   8.1634e-15   7.5169e-15   1.5385e-14   6.8670e-15   4.0220e-14
   1.1841e+05   2.4897e-13   8.2689e-15   7.5966e-15   1.5566e-14   6.9986e-15   4.1005e-14
   1.1972e+05   2.4824e-13   8.3749e-15   7.6762e-15   1.5747e-14   7.1314e-15   4.1800e-14
   1.2105e+05   2.4750e-13   8.4812e-15   7.7557e-15   1.5927e-14   7.2654e-15   4.2602e-14
   1.2239e+05   2.4676e-13   8.5878e-15   7.8351e-15   1.6108e-14   7.4007e-15   4.3414e-14
   1.2374e+05   2.4601e-13   8.6948e-15   7.9144e-15   1.6289e-14   7.5372e-15   4.4234e-14
   1.2511e+05   2.4525e-13   8.8021e-15   7.9935e-15   1.6470e-14   7.6750e-15   4.5063e-14
   1.2650e+05   2.4449e-13   8.9097e-15   8.0724e-15   1.6650e-14   7.8139e-15   4.5901e-14
   1.2790e+05   2.4372e-13   9.0176e-15   8.1512e-15   1.6831e-14   7.9540e-15   4.6747e-14
   1.2932e+05   2.4294e-13   9.1258e-15   8.2298e-15   1.7012e-14   8.0953e-15   4.7602e-14
   1.3075e+05   2.4215e-13   9.2343e-15   8.3083e-15   1.7192e-14   8.2378e-15   4.8465e-14
   1.3220e+05   2.4136e-13   9.3430e-15   8.3865e-15   1.7372e-14   8.3814e-15   4.9337e-14
   1.3366e+05   2.4057e-13   9.4520e-15   8.4645e-15   1.7552e-14   8.5261e-15   5.0217e-14
   1.3514e+05   2.3977e-13   9.5612e-15   8.5424e-15   1.7732e-14   8.6720e-15   5.1106e-14
   1.3664e+05   2.3896e-13   9.6707e-15   8.6200e-15   1.7911e-14   8.8189e-15   5.2003e-14
   1.3815e+05   2.3815e-13   9.7804e-15   8.6973e-15   1.8090e-14   8.9669e-15   5.2909e-14
   1.3968e+05   2.3734e-13   9.8902e-15   8.7745e-15   1.8269e-14   9.1160e-15   5.3824e-14
   1.4123e+05   2.3652e-13   1.0000e-14   8.8513e-15   1.8448e-14   9.2662e-15   5.4746e-14
   1.4279e+05   2.3569e-13   1.0111e-14   8.9280e-15   1.8626e-14   9.4174e-15   5.5677e-14
   1.4437e+05   2.3486e-13   1.0221e-14   9.0043e-15   1.8804e-14   9.5696e-15   5.6617e-14
   1.4597e+05   2.3403e-13   1.0332e-14   9.0804e-15   1.8982e-14   9.7228e-15   5.7564e-14
   1.4759e+05   2.3320e-13   1.0442e-14   9.1562e-15   1.9159e-14   9.8770e-15   5.8520e-14
   1.4922e+05   2.3236e-13   1.0553e-14   9.2317e-15   1.9336e-14   1.0032e-14   5.9484e-14
   1.5087e+05   2.3152e-13   1.0664e-14   9.3069e-15   1.9512e-14   1.0188e-14   6.0457e-14
   1.5254e+05   2.3067e-13   1.0775e-14   9.3819e-15   1.9688e-14   1.0345e-14   6.1437e-14
   1.5423e+05   2.2982e-13   1.0886e-14   9.4565e-15   1.9863e-14   1.0503e-14   6.2426e-14
   1.5594e+05   2.2897e-13   1.0997e-14   9.5307e-15   2.0038e-14   1.0662e-14   6.3422e-14
   1.5767e+05   2.2812e-13   1.1109e-14   9.6047e-15   2.0212e-14   1.0822e-14   6.4427e-14
   1.5941e+05   2.2726e-13   1.1220e-14   9.6783e-15   2.0386e-14   1.0982e-14   6.5440e-14
   1.6118e+05   2.2641e-13   1.1331e-14   9.7516e-15   2.0559e-14   1.1144e-14   6.6461e-14
   1.6296e+05   2.2555e-13   1.1443e-14   9.8245e-15   2.0732e-14   1.1306e-14   6.7489e-14
   1.6477e+05   2.2468e-13   1.1554e-14   9.8971e-15   2.0904e-14   1.1469e-14   6.8526e-14
   1.6659e+05   2.2382e-13   1.1666e-14   9.9694e-15   2.1076e-14   1.1633e-14   6.9571e-14
   1.6844e+05   2.2296e-13   1.1777e-14   1.0041e-14   2.1247e-14   1.1797e-14   7.0623e-14
   1.7030e+05   2.2209e-13   1.1889e-14   1.0113e-14   2.1417e-14   1.1962e-14   7.1683e-14
   1.7219e+05   2.2123e-13   1.2000e-14   1.0184e-14   2.1587e-14   1.2128e-14   7.2751e-14
   1.7410e+05   2.2036e-13   1.2111e-14   1.0255e-14   2.1756e-14   1.2295e-14   7.3827e-14
   1.7602e+05   2.1949e-13   1.2223e-14   1.0325e-14   2.1924e-14   1.2463e-14   7.4910e-14
   1.7797e+05   2.1862e-13   1.2334e-14   1.0395e-14   2.2091e-14   1.2631e-14   7.6001e-14
   1.7994e+05   2.1776e-13   1.2445e-14   1.0464e-14   2.2258e-14   1.2799e-14   7.7099e-14
   1.8194e+05   2.1689e-13   1.2556e-14   1.0534e-14   2.2424e-14   1.2968e-14   7.8205e-14
   1.8395e+05   2.1602e-13   1.2667e-14   1.0602e-14   2.2590e-14   1.3138e-14   7.9318e-14
   1.8599e+05   2.1515e-13   1.2778e-14   1.0671e-14   2.2754e-14   1.3309e-14   8.0439e-14
   1.8805e+05   2.1428e-13   1.2888e-14   1.0738e-14   2.2918e-14   1.3480e-14   8.1568e-14
   1.9013e+05   2.1342e-13   1.2999e-14   1.0806e-14   2.3081e-14   1.3651e-14   8.2703e-14
   1.9224e+05   2.1255e-13   1.3109e-14   1.0873e-14   2.3243e-14   1.3823e-14   8.3846e-14
   1.9437e+05   2.1168e-13   1.3220e-14   1.0940e-14   2.3405e-14   1.3996e-14   8.4996e-14
   1.9652e+05   2.1082e-13   1.3330e-14   1.1006e-14   2.3565e-14   1.4169e-14   8.6154e-14
   1.9869e+05   2.0995e-13   1.3440e-14   1.1071e-14   2.3725e-14   1.4342e-14   8.7318e-14
   2.0089e+05   2.0909e-13   1.3549e-14   1.1137e-14   2.3884e-14   1.4516e-14   8.8490e-14
   2.0312e+05   2.0823e-13   1.3659e-14   1.1202e-14   2.4042e-14   1.4690e-14   8.9668e-14
   2.0537e+05   2.0737e-13   1.3768e-14   1.1266e-14   2.4199e-14   1.4865e-14   9.0854e-14
   2.0764e+05   2.0651e-13   1.3877e-14   1.1330e-14   2.4355e-14   1.5040e-14   9.2047e-14
   2.0994e+05   2.0566e-13   1.3986e-14   1.1393e-14   2.4510e-14   1.5215e-14   9.3246e-14
   2.1227e+05   2.0480e-13   1.4094e-14   1.1456e-14   2.4665e-14   1.5391e-14   9.4452e-14
   2.1462e+05   2.0395e-13   1.4203e-14   1.1519e-14   2.4818e-14   1.5567e-14   9.5665e-14
   2.1699e+05   2.0310e-13   1.4311e-14   1.1581e-14   2.4971e-14   1.5743e-14   9.6885e-14
   2.1940e+05   2.0225e-13   1.4419e-14   1.1643e-14   2.5122e-14   1.5919e-14   9.8112e-14
   2.2183e+05   2.0140e-13   1.4526e-14   1.1704e-14   2.5273e-14   1.6096e-14   9.9345e-14
   2.2428e+05   2.0056e-13   1.4633e-14   1.1764e-14   2.5423e-14   1.6273e-14   1.0058e-13
   2.2677e+05   1.9972e-13   1.4740e-14   1.1824e-14   2.5571e-14   1.6450e-14   1.0183e-13
   2.2928e+05   1.9888e-13   1.4847e-14   1.1884e-14   2.5719e-14   1.6627e-14   1.0308e-13
   2.3182e+05   1.9804e-13   1.4953e-14   1.1943e-14   2.5866e-14   1.6804e-14   1.0434e-13
   2.3438e+05   1.9721e-13   1.5059e-14   1.2002e-14   2.6012e-14   1.6982e-14   1.0561e-13
   2.3698e+05   1.9638e-13   1.5164e-14   1.2060e-14   2.6156e-14   1.7159e-14   1.0688e-13
   2.3960e+05   1.9555e-13   1.5269e-14   1.2118e-14   2.6300e-14   1.7337e-14   1.0816e-13
   2.4226e+05   1.9473e-13   1.5374e-14   1.2175e-14   2.6443e-14   1.7515e-14   1.0944e-13
   2.4494e+05   1.9391e-13   1.5479e-14   1.2232e-14   2.6584e-14   1.7693e-14   1.1073e-13
   2.4765e+05   1.9309e-13   1.5583e-14   1.2288e-14   2.6725e-14   1.7870e-14   1.1203e-13
   2.5040e+05   1.9228e-13   1.5686e-14   1.2344e-14   2.6865e-14   1.8048e-14   1.1333e-13
   2.5317e+05   1.9147e-13   1.5789e-14   1.2399e-14   2.7003e-14   1.8226e-14   1.1464e-13
   2.5597e+05   1.9067e-13   1.5892e-14   1.2454e-14   2.7141e-14   1.8404e-14   1.1595e-13
   2.5881e+05   1.8986e-13   1.5995e-14   1.2508e-14   2.7277e-14   1.8581e-14   1.1727e-13
   2.6167e+05   1.8906e-13   1.6097e-14   1.2562e-14   2.7412e-14   1.8759e-14   1.1859e-13
   2.6457e+05   1.8827e-13   1.6198e-14   1.2615e-14   2.7547e-14   1.8936e-14   1.1992e-13
   2.6750e+05   1.8748e-13   1.6299e-14   1.2668e-14   2.7680e-14   1.9114e-14   1.2126e-13
   2.7046e+05   1.8669e-13   1.6400e-14   1.2720e-14   2.7812e-14   1.9291e-14   1.2260e-13
   2.7346e+05   1.8591e-13   1.6500e-14   1.2771e-14   2.7943e-14   1.9468e-14   1.2395e-13
   2.7649e+05   1.8513e-13   1.6599e-14   1.2823e-14   2.8073e-14   1.9645e-14   1.2530e-13
   2.7955e+05   1.8436e-13   1.6699e-14   1.2873e-14   2.8202e-14   1.9821e-14   1.2665e-13
   2.8264e+05   1.8359e-13   1.6797e-14   1.2923e-14   2.8329e-14   1.9998e-14   1.2802e-13
   2.8577e+05   1.8282e-13   1.6895e-14   1.2973e-14   2.8456e-14   2.0174e-14   1.2938e-13
   2.8894e+05   1.8206e-13   1.6993e-14   1.3022e-14   2.8581e-14   2.0350e-14   1.3075e-13
   2.9214e+05   1.8131e-13   1.7090e-14   1.3071e-14   2.8706e-14   2.0525e-14   1.3213e-13
   2.9537e+05   1.8056e-13   1.7187e-14   1.3119e-14   2.8829e-14   2.0700e-14   1.3351e-13
   2.9864e+05   1.7981e-13   1.7283e-14   1.3167e-14   2.8951e-14   2.0875e-14   1.3490e-13
   3.0195e+05   1.7907e-13   1.7378e-14   1.3214e-14   2.9072e-14   2.1050e-14   1.3629e-13
   3.0530e+05   1.7833e-13   1.7473e-14   1.3260e-14   2.9192e-14   2.1224e-14   1.3768e-13
   3.0868e+05   1.7760e-13   1.7568e-14   1.3306e-14   2.9311e-14   2.1398e-14   1.3908e-13
   3.1209e+05   1.7687e-13   1.7662e-14   1.3352e-14   2.9428e-14   2.1571e-14   1.4049e-13
   3.1555e+05   1.7615e-13   1.7755e-14   1.3397e-14   2.9545e-14   2.1745e-14   1.4189e-13
   3.1904e+05   1.7543e-13   1.7848e-14   1.3441e-14   2.9660e-14   2.1917e-14   1.4331e-13
   3.2258e+05   1.7471e-13   1.7940e-14   1.3485e-14   2.9774e-14   2.2089e-14   1.4472e-13
   3.2615e+05   1.7401e-13   1.8032e-14   1.3529e-14   2.9888e-14   2.2261e-14   1.4614e-13
   3.2976e+05   1.7330e-13   1.8123e-14   1.3572e-14   2.9999e-14   2.2432e-14   1.4757e-13
   3.3341e+05   1.7261e-13   1.8213e-14   1.3614e-14   3.0110e-14   2.2603e-14   1.4899e-13
   3.3711e+05   1.7191e-13   1.8303e-14   1.3656e-14   3.0220e-14   2.2773e-14   1.5042e-13
   3.4084e+05   1.7123e-13   1.8392e-14   1.3698e-14   3.0328e-14   2.2943e-14   1.5186e-13
   3.4461e+05   1.7054e-13   1.8481e-14   1.3738e-14   3.0436e-14   2.3112e-14   1.5330e-13
   3.4843e+05   1.6987e-13   1.8569e-14   1.3779e-14   3.0542e-14   2.3280e-14   1.5474e-13
   3.5229e+05   1.6920e-13   1.8656e-14   1.3819e-14   3.0647e-14   2.3448e-14   1.5618e-13
   3.5619e+05   1.6853e-13   1.8743e-14   1.3858e-14   3.0751e-14   2.3616e-14   1.5763e-13
   3.6013e+05   1.6787e-13   1.8829e-14   1.3897e-14   3.0854e-14   2.3782e-14   1.5908e-13
   3.6412e+05   1.6721e-13   1.8914e-14   1.3935e-14   3.0955e-14   2.3948e-14   1.6053e-13
   3.6815e+05   1.6656e-13   1.8999e-14   1.3973e-14   3.1056e-14   2.4114e-14   1.6199e-13
   3.7223e+05   1.6592e-13   1.9083e-14   1.4011e-14   3.1155e-14   2.4279e-14   1.6345e-13
   3.7635e+05   1.6528e-13   1.9167e-14   1.4048e-14   3.1253e-14   2.4443e-14   1.6491e-13
   3.8052e+05   1.6464e-13   1.9250e-14   1.4084e-14   3.1350e-14   2.4606e-14   1.6637e-13
   3.8473e+05   1.6401e-13   1.9332e-14   1.4120e-14   3.1446e-14   2.4769e-14   1.6783e-13
   3.8900e+05   1.6339e-13   1.9414e-14   1.4155e-14   3.1541e-14   2.4931e-14   1.6930e-13
   3.9330e+05   1.6277e-13   1.9494e-14   1.4190e-14   3.1634e-14   2.5092e-14   1.7077e-13
   3.9766e+05   1.6216e-13   1.9575e-14   1.4224e-14   3.1727e-14   2.5252e-14   1.7224e-13
   4.0206e+05   1.6155e-13   1.9654e-14   1.4258e-14   3.1818e-14   2.5412e-14   1.7372e-13
   4.0651e+05   1.6095e-13   1.9733e-14   1.4292e-14   3.1908e-14   2.5571e-14   1.7519e-13
   4.1102e+05   1.6035e-13   1.9811e-14   1.4324e-14   3.1997e-14   2.5729e-14   1.7667e-13
   4.1557e+05   1.5976e-13   1.9888e-14   1.4357e-14   3.2085e-14   2.5886e-14   1.7815e-13
   4.2017e+05   1.5917e-13   1.9965e-14   1.4389e-14   3.2172e-14   2.6043e-14   1.7962e-13
   4.2482e+05   1.5859e-13   2.0041e-14   1.4420e-14   3.2257e-14   2.6198e-14   1.8111e-13
   4.2953e+05   1.5802e-13   2.0117e-14   1.4451e-14   3.2342e-14   2.6353e-14   1.8259e-13
   4.3428e+05   1.5745e-13   2.0191e-14   1.4481e-14   3.2425e-14   2.6507e-14   1.8407e-13
   4.3909e+05   1.5688e-13   2.0265e-14   1.4511e-14   3.2507e-14   2.6660e-14   1.8555e-13
   4.4396e+05   1.5632e-13   2.0338e-14   1.4541e-14   3.2588e-14   2.6813e-14   1.8704e-13
   4.4887e+05   1.5577e-13   2.0411e-14   1.4570e-14   3.2668e-14   2.6964e-14   1.8852e-13
   4.5384e+05   1.5522e-13   2.0483e-14   1.4598e-14   3.2747e-14   2.7114e-14   1.9000e-13
   4.5887e+05   1.5468e-13   2.0554e-14   1.4626e-14   3.2824e-14   2.7264e-14   1.9149e-13
   4.6395e+05   1.5414e-13   2.0624e-14   1.4654e-14   3.2901e-14   2.7412e-14   1.9297e-13
   4.6909e+05   1.5361e-13   2.0694e-14   1.4681e-14   3.2976e-14   2.7560e-14   1.9446e-13
   4.7428e+05   1.5308e-13   2.0763e-14   1.4707e-14   3.3051e-14   2.7707e-14   1.9594e-13
   4.7954e+05   1.5256e-13   2.0831e-14   1.4733e-14   3.3124e-14   2.7853e-14   1.9743e-13
   4.8485e+05   1.5204e-13   2.0898e-14   1.4759e-14   3.3196e-14   2.7997e-14   1.9891e-13
   4.9021e+05   1.5153e-13   2.0965e-14   1.4784e-14   3.3267e-14   2.8141e-14   2.0040e-13
   4.9564e+05   1.5103e-13   2.1031e-14   1.4809e-14   3.3337e-14   2.8284e-14   2.0188e-13
   5.0113e+05   1.5053e-13   2.1096e-14   1.4833e-14   3.3405e-14   2.8426e-14   2.0336e-13
   5.0668e+05   1.5003e-13   2.1161e-14   1.4857e-14   3.3473e-14   2.8567e-14   2.0484e-13
   5.1229e+05   1.4954e-13   2.1224e-14   1.4880e-14   3.3540e-14   2.8706e-14   2.0632e-13
   5.1797e+05   1.4905e-13   2.1288e-14   1.4903e-14   3.3605e-14   2.8845e-14   2.0780e-13
   5.2370e+05   1.4857e-13   2.1350e-14   1.4926e-14   3.3669e-14   2.8983e-14   2.0928e-13
   5.2950e+05   1.4810e-13   2.1411e-14   1.4947e-14   3.3733e-14   2.9120e-14   2.1076e-13
   5.3536e+05   1.4763e-13   2.1472e-14   1.4969e-14   3.3795e-14   2.9255e-14   2.1223e-13
   5.4129e+05   1.4716e-13   2.1532e-14   1.4990e-14   3.3856e-14   2.9390e-14   2.1371e-13
   5.4729e+05   1.4670e-13   2.1592e-14   1.5011e-14   3.3916e-14   2.9524e-14   2.1518e-13
   5.5335e+05   1.4625e-13   2.1650e-14   1.5031e-14   3.3975e-14   2.9656e-14   2.1665e-13
   5.5948e+05   1.4580e-13   2.1708e-14   1.5050e-14   3.4033e-14   2.9787e-14   2.1812e-13
   5.6567e+05   1.4535e-13   2.1765e-14   1.5070e-14   3.4090e-14   2.9918e-14   2.1958e-13
   5.7194e+05   1.4491e-13   2.1822e-14   1.5088e-14   3.4145e-14   3.0047e-14   2.2104e-13
   5.7827e+05   1.4447e-13   2.1877e-14   1.5107e-14   3.4200e-14   3.0175e-14   2.2250e-13
   5.8467e+05   1.4404e-13   2.1932e-14   1.5125e-14   3.4254e-14   3.0302e-14   2.2396e-13
   5.9115e+05   1.4362e-13   2.1986e-14   1.5142e-14   3.4306e-14   3.0428e-14   2.2542e-13
   5.9769e+05   1.4319e-13   2.2040e-14   1.5159e-14   3.4358e-14   3.0553e-14   2.2687e-13
   6.0431e+05   1.4278e-13   2.2092e-14   1.5176e-14   3.4409e-14   3.0677e-14   2.2832e-13
   6.1101e+05   1.4236e-13   2.2144e-14   1.5192e-14   3.4458e-14   3.0799e-14   2.2977e-13
   6.1777e+05   1.4196e-13   2.2195e-14   1.5208e-14   3.4506e-14   3.0921e-14   2.3121e-13
   6.2461e+05   1.4155e-13   2.2246e-14   1.5223e-14   3.4554e-14   3.1041e-14   2.3265e-13
   6.3153e+05   1.4115e-13   2.2295e-14   1.5238e-14   3.4600e-14   3.1160e-14   2.3409e-13
   6.3852e+05   1.4076e-13   2.2344e-14   1.5253e-14   3.4646e-14   3.1278e-14   2.3552e-13
   6.4559e+05   1.4037e-13   2.2392e-14   1.5267e-14   3.4690e-14   3.1395e-14   2.3695e-13
   6.5274e+05   1.3999e-13   2.2440e-14   1.5280e-14   3.4733e-14   3.1511e-14   2.3837e-13
   6.5997e+05   1.3960e-13   2.2486e-14   1.5294e-14   3.4776e-14   3.1625e-14   2.3980e-13
   6.6728e+05   1.3923e-13   2.2532e-14   1.5306e-14   3.4817e-14   3.1738e-14   2.4121e-13
   6.7467e+05   1.3886e-13   2.2577e-14   1.5319e-14   3.4857e-14   3.1851e-14   2.4263e-13
   6.8214e+05   1.3849e-13   2.2622e-14   1.5331e-14   3.4897e-14   3.1962e-14   2.4403e-13
   6.8970e+05   1.3812e-13   2.2665e-14   1.5343e-14   3.4935e-14   3.2072e-14   2.4544e-13
   6.9733e+05   1.3777e-13   2.2708e-14   1.5354e-14   3.4972e-14   3.2180e-14   2.4684e-13
   7.0506e+05   1.3741e-13   2.2750e-14   1.5365e-14   3.5009e-14   3.2288e-14   2.4823e-13
   7.1286e+05   1.3706e-13   2.2792e-14   1.5375e-14   3.5044e-14   3.2394e-14   2.4962e-13
   7.2076e+05   1.3671e-13   2.2833e-14   1.5385e-14   3.5079e-14   3.2499e-14   2.5101e-13
   7.2874e+05   1.3637e-13   2.2873e-14   1.5395e-14   3.5112e-14   3.2603e-14   2.5239e-13
   7.3681e+05   1.3603e-13   2.2912e-14   1.5404e-14   3.5145e-14   3.2706e-14   2.5377e-13
   7.4497e+05   1.3570e-13   2.2950e-14   1.5413e-14   3.5176e-14   3.2807e-14   2.5514e-13
   7.5322e+05   1.3536e-13   2.2988e-14   1.5421e-14   3.5207e-14   3.2908e-14   2.5650e-13
   7.6156e+05   1.3504e-13   2.3025e-14   1.5429e-14   3.5236e-14   3.3007e-14   2.5786e-13
   7.6999e+05   1.3471e-13   2.3061e-14   1.5437e-14   3.5265e-14   3.3105e-14   2.5922e-13
   7.7852e+05   1.3440e-13   2.3097e-14   1.5444e-14   3.5293e-14   3.3201e-14   2.6056e-13
   7.8714e+05   1.3408e-13   2.3132e-14   1.5451e-14   3.5319e-14   3.3297e-14   2.6191e-13
   7.9586e+05   1.3377e-13   2.3166e-14   1.5458e-14   3.5345e-14   3.3391e-14   2.6324e-13
   8.0467e+05   1.3346e-13   2.3199e-14   1.5464e-14   3.5370e-14   3.3484e-14   2.6458e-13
   8.1358e+05   1.3316e-13   2.3232e-14   1.5470e-14   3.5394e-14   3.3576e-14   2.6590e-13
   8.2259e+05   1.3286e-13   2.3264e-14   1.5475e-14   3.5417e-14   3.3667e-14   2.6722e-13
   8.3170e+05   1.3256e-13   2.3295e-14   1.5480e-14   3.5440e-14   3.3756e-14   2.6853e-13
   8.4091e+05   1.3227e-13   2.3325e-14   1.5485e-14   3.5461e-14   3.3845e-14   2.6984e-13
   8.5022e+05   1.3198e-13   2.3355e-14   1.5489e-14   3.5481e-14   3.3932e-14   2.7114e-13
   8.5964e+05   1.3169e-13   2.3384e-14   1.5493e-14   3.5501e-14   3.4018e-14   2.7243e-13
   8.6916e+05   1.3141e-13   2.3413e-14   1.5497e-14   3.5519e-14   3.4102e-14   2.7372e-13
   8.7878e+05   1.3113e-13   2.3440e-14   1.5500e-14   3.5537e-14   3.4186e-14   2.7500e-13
   8.8851e+05   1.3085e-13   2.3467e-14   1.5503e-14   3.5554e-14   3.4268e-14   2.7627e-13
   8.9835e+05   1.3058e-13   2.3493e-14   1.5505e-14   3.5570e-14   3.4349e-14   2.7754e-13
   9.0830e+05   1.3031e-13   2.3519e-14   1.5508e-14   3.5585e-14   3.4429e-14   2.7880e-13
   9.1836e+05   1.3005e-13   2.3544e-14   1.5509e-14   3.5599e-14   3.4507e-14   2.8005e-13
   9.2853e+05   1.2978e-13   2.3568e-14   1.5511e-14   3.5613e-14   3.4585e-14   2.8130e-13
   9.3881e+05   1.2952e-13   2.3591e-14   1.5512e-14   3.5625e-14   3.4661e-14   2.8253e-13
   9.4921e+05   1.2927e-13   2.3614e-14   1.5513e-14   3.5637e-14   3.4736e-14   2.8376e-13
   9.5972e+05   1.2902e-13   2.3636e-14   1.5513e-14   3.5648e-14   3.4810e-14   2.8499e-13
   9.7035e+05   1.2877e-13   2.3657e-14   1.5514e-14   3.5658e-14   3.4882e-14   2.8620e-13
   9.8110e+05   1.2852e-13   2.3678e-14   1.5513e-14   3.5667e-14   3.4954e-14   2.8741e-13
   9.9196e+05   1.2828e-13   2.3698e-14   1.5513e-14   3.5675e-14   3.5024e-14   2.8861e-13
   1.0029e+06   1.2804e-13   2.3717e-14   1.5512e-14   3.5682e-14   3.5093e-14   2.8981e-13
   1.0141e+06   1.2780e-13   2.3736e-14   1.5511e-14   3.5689e-14   3.5161e-14   2.9099e-13
   1.0253e+06   1.2756e-13   2.3754e-14   1.5509e-14   3.5695e-14   3.5227e-14   2.9217e-13
   1.0366e+06   1.2733e-13   2.3771e-14   1.5508e-14   3.5700e-14   3.5293e-14   2.9334e-13
   1.0481e+06   1.2710e-13   2.3787e-14   1.5505e-14   3.5704e-14   3.5357e-14   2.9450e-13
   1.0597e+06   1.2688e-13   2.3803e-14   1.5503e-14   3.5708e-14   3.5420e-14   2.9565e-13
   1.0715e+06   1.2665e-13   2.3818e-14   1.5500e-14   3.5710e-14   3.5482e-14   2.9680e-13
   1.0833e+06   1.2643e-13   2.3833e-14   1.5497e-14   3.5712e-14   3.5542e-14   2.9794e-13
   1.0953e+06   1.2622e-13   2.3847e-14   1.5494e-14   3.5713e-14   3.5602e-14   2.9907e-13
   1.1074e+06   1.2600e-13   2.3860e-14   1.5490e-14   3.5713e-14   3.5660e-14   3.0019e-13
   1.1197e+06   1.2579e-13   2.3873e-14   1.5486e-14   3.5713e-14   3.5717e-14   3.0130e-13
   1.1321e+06   1.2558e-13   2.3885e-14   1.5482e-14   3.5712e-14   3.5773e-14   3.0241e-13
   1.1446e+06   1.2538e-13   2.3896e-14   1.5477e-14   3.5710e-14   3.5828e-14   3.0350e-13
   1.1573e+06   1.2517e-13   2.3906e-14   1.5472e-14   3.5707e-14   3.5882e-14   3.0459e-13
   1.1701e+06   1.2497e-13   2.3916e-14   1.5467e-14   3.5703e-14   3.5934e-14   3.0567e-13
   1.1831e+06   1.2477e-13   2.3926e-14   1.5461e-14   3.5699e-14   3.5986e-14   3.0674e-13
   1.1962e+06   1.2458e-13   2.3934e-14   1.5456e-14   3.5694e-14   3.6036e-14   3.0780e-13
   1.2094e+06   1.2438e-13   2.3942e-14   1.5450e-14   3.5688e-14   3.6085e-14   3.0885e-13
   1.2228e+06   1.2419e-13   2.3950e-14   1.5443e-14   3.5682e-14   3.6133e-14   3.0990e-13
   1.2364e+06   1.2400e-13   2.3957e-14   1.5436e-14   3.5674e-14   3.6180e-14   3.1093e-13
   1.2501e+06   1.2382e-13   2.3963e-14   1.5430e-14   3.5667e-14   3.6225e-14   3.1196e-13
   1.2639e+06   1.2363e-13   2.3968e-14   1.5422e-14   3.5658e-14   3.6270e-14   3.1298e-13
   1.2779e+06   1.2345e-13   2.3973e-14   1.5415e-14   3.5649e-14   3.6313e-14   3.1399e-13
   1.2921e+06   1.2327e-13   2.3978e-14   1.5407e-14   3.5639e-14   3.6356e-14   3.1499e-13
   1.3064e+06   1.2309e-13   2.3981e-14   1.5399e-14   3.5628e-14   3.6397e-14   3.1598e-13
   1.3208e+06   1.2292e-13   2.3984e-14   1.5391e-14   3.5616e-14   3.6437e-14   3.1696e-13
   1.3355e+06   1.2275e-13   2.3987e-14   1.5382e-14   3.5604e-14   3.6476e-14   3.1793e-13
   1.3503e+06   1.2257e-13   2.3989e-14   1.5373e-14   3.5592e-14   3.6514e-14   3.1890e-13
   1.3652e+06   1.2241e-13   2.3990e-14   1.5364e-14   3.5578e-14   3.6550e-14   3.1985e-13
   1.3803e+06   1.2224e-13   2.3991e-14   1.5355e-14   3.5564e-14   3.6586e-14   3.2080e-13
   1.3956e+06   1.2208e-13   2.3991e-14   1.5345e-14   3.5549e-14   3.6621e-14   3.2174e-13
   1.4111e+06   1.2191e-13   2.3991e-14   1.5335e-14   3.5534e-14   3.6654e-14   3.2266e-13
   1.4267e+06   1.2176e-13   2.3990e-14   1.5325e-14   3.5518e-14   3.6687e-14   3.2358e-13
   1.4425e+06   1.2160e-13   2.3988e-14   1.5315e-14   3.5501e-14   3.6718e-14   3.2449e-13
   1.4585e+06   1.2144e-13   2.3986e-14   1.5304e-14   3.5484e-14   3.6748e-14   3.2539e-13
   1.4746e+06   1.2129e-13   2.3983e-14   1.5293e-14   3.5466e-14   3.6778e-14   3.2628e-13
   1.4909e+06   1.2114e-13   2.3980e-14   1.5282e-14   3.5447e-14   3.6806e-14   3.2717e-13
   1.5075e+06   1.2099e-13   2.3976e-14   1.5271e-14   3.5428e-14   3.6833e-14   3.2804e-13
   1.5242e+06   1.2084e-13   2.3972e-14   1.5259e-14   3.5408e-14   3.6859e-14   3.2890e-13
   1.5410e+06   1.2069e-13   2.3967e-14   1.5247e-14   3.5388e-14   3.6885e-14   3.2976e-13
   1.5581e+06   1.2055e-13   2.3961e-14   1.5235e-14   3.5367e-14   3.6909e-14   3.3060e-13
   1.5754e+06   1.2041e-13   2.3955e-14   1.5223e-14   3.5345e-14   3.6932e-14   3.3144e-13
   1.5928e+06   1.2027e-13   2.3949e-14   1.5210e-14   3.5323e-14   3.6954e-14   3.3227e-13
   1.6104e+06   1.2013e-13   2.3941e-14   1.5198e-14   3.5301e-14   3.6975e-14   3.3308e-13
   1.6283e+06   1.1999e-13   2.3934e-14   1.5185e-14   3.5277e-14   3.6996e-14   3.3389e-13
   1.6463e+06   1.1985e-13   2.3926e-14   1.5171e-14   3.5254e-14   3.7015e-14   3.3469e-13
   1.6645e+06   1.1972e-13   2.3917e-14   1.5158e-14   3.5229e-14   3.7033e-14   3.3548e-13
   1.6830e+06   1.1959e-13   2.3908e-14   1.5145e-14   3.5204e-14   3.7051e-14   3.3627e-13
   1.7016e+06   1.1946e-13   2.3898e-14   1.5131e-14   3.5179e-14   3.7067e-14   3.3704e-13
   1.7204e+06   1.1933e-13   2.3888e-14   1.5117e-14   3.5153e-14   3.7083e-14   3.3780e-13
   1.7395e+06   1.1921e-13   2.3878e-14   1.5103e-14   3.5127e-14   3.7097e-14   3.3856e-13
   1.7588e+06   1.1908e-13   2.3867e-14   1.5088e-14   3.5100e-14   3.7111e-14   3.3930e-13
   1.7782e+06   1.1896e-13   2.3855e-14   1.5074e-14   3.5072e-14   3.7124e-14   3.4004e-13
   1.7979e+06   1.1884e-13   2.3843e-14   1.5059e-14   3.5044e-14   3.7135e-14   3.4077e-13
   1.8178e+06   1.1872e-13   2.3831e-14   1.5044e-14   3.5016e-14   3.7146e-14   3.4149e-13
   1.8380e+06   1.1860e-13   2.3818e-14   1.5029e-14   3.4987e-14   3.7156e-14   3.4220e-13
   1.8583e+06   1.1848e-13   2.3805e-14   1.5014e-14   3.4958e-14   3.7166e-14   3.4290e-13
   1.8789e+06   1.1837e-13   2.3791e-14   1.4998e-14   3.4928e-14   3.7174e-14   3.4360e-13
   1.8997e+06   1.1825e-13   2.3777e-14   1.4983e-14   3.4898e-14   3.7182e-14   3.4428e-13
   1.9207e+06   1.1814e-13   2.3762e-14   1.4967e-14   3.4867e-14   3.7189e-14   3.4496e-13
   1.9420e+06   1.1803e-13   2.3747e-14   1.4951e-14   3.4836e-14   3.7194e-14   3.4563e-13
   1.9635e+06   1.1792e-13   2.3731e-14   1.4935e-14   3.4805e-14   3.7200e-14   3.4629e-13
   1.9853e+06   1.1782e-13   2.3716e-14   1.4919e-14   3.4773e-14   3.7204e-14   3.4694e-13
   2.0073e+06   1.1771e-13   2.3699e-14   1.4902e-14   3.4741e-14   3.7208e-14   3.4758e-13
   2.0295e+06   1.1761e-13   2.3683e-14   1.4886e-14   3.4709e-14   3.7210e-14   3.4822e-13
   2.0520e+06   1.1750e-13   2.3666e-14   1.4869e-14   3.4676e-14   3.7212e-14   3.4884e-13
   2.0747e+06   1.1740e-13   2.3648e-14   1.4852e-14   3.4642e-14   3.7214e-14   3.4946e-13
   2.0977e+06   1.1730e-13   2.3630e-14   1.4835e-14   3.4609e-14   3.7214e-14   3.5007e-13
   2.1209e+06   1.1720e-13   2.3612e-14   1.4818e-14   3.4575e-14   3.7214e-14   3.5068e-13
   2.1444e+06   1.1711e-13   2.3594e-14   1.4801e-14   3.4541e-14   3.7214e-14   3.5127e-13
   2.1681e+06   1.1701e-13   2.3575e-14   1.4784e-14   3.4506e-14   3.7212e-14   3.5186e-13
   2.1921e+06   1.1692e-13   2.3556e-14   1.4767e-14   3.4471e-14   3.7210e-14   3.5244e-13
   2.2164e+06   1.1683e-13   2.3537e-14   1.4749e-14   3.4436e-14   3.7207e-14   3.5302e-13
   2.2409e+06   1.1674e-13   2.3517e-14   1.4732e-14   3.4401e-14   3.7204e-14   3.5358e-13
   2.2658e+06   1.1665e-13   2.3497e-14   1.4714e-14   3.4365e-14   3.7200e-14   3.5414e-13
   2.2909e+06   1.1656e-13   2.3477e-14   1.4696e-14   3.4329e-14   3.7196e-14   3.5470e-13
   2.3162e+06   1.1648e-13   2.3456e-14   1.4678e-14   3.4293e-14   3.7190e-14   3.5524e-13
   2.3419e+06   1.1639e-13   2.3435e-14   1.4661e-14   3.4257e-14   3.7185e-14   3.5578e-13
   2.3678e+06   1.1631e-13   2.3414e-14   1.4643e-14   3.4220e-14   3.7178e-14   3.5631e-13
   2.3940e+06   1.1623e-13   2.3393e-14   1.4625e-14   3.4184e-14   3.7172e-14   3.5684e-13
   2.4205e+06   1.1615e-13   2.3371e-14   1.4607e-14   3.4147e-14   3.7164e-14   3.5736e-13
   2.4473e+06   1.1607e-13   2.3349e-14   1.4588e-14   3.4110e-14   3.7157e-14   3.5787e-13
   2.4744e+06   1.1600e-13   2.3327e-14   1.4570e-14   3.4072e-14   3.7148e-14   3.5838e-13
   2.5018e+06   1.1592e-13   2.3305e-14   1.4552e-14   3.4035e-14   3.7139e-14   3.5888e-13
   2.5296e+06   1.1585e-13   2.3282e-14   1.4534e-14   3.3998e-14   3.7130e-14   3.5938e-13
   2.5576e+06   1.1578e-13   2.3260e-14   1.4516e-14   3.3960e-14   3.7121e-14   3.5987e-13
   2.5859e+06   1.1571e-13   2.3237e-14   1.4497e-14   3.3923e-14   3.7111e-14   3.6035e-13
   2.6145e+06   1.1564e-13   2.3214e-14   1.4479e-14   3.3885e-14   3.7100e-14   3.6083e-13
   2.6435e+06   1.1557e-13   2.3191e-14   1.4461e-14   3.3847e-14   3.7090e-14   3.6130e-13
   2.6727e+06   1.1551e-13   2.3168e-14   1.4442e-14   3.3809e-14   3.7078e-14   3.6177e-13
   2.7023e+06   1.1545e-13   2.3144e-14   1.4424e-14   3.3771e-14   3.7067e-14   3.6224e-13
   2.7323e+06   1.1539e-13   2.3121e-14   1.4406e-14   3.3734e-14   3.7055e-14   3.6270e-13
   2.7625e+06   1.1533e-13   2.3097e-14   1.4388e-14   3.3696e-14   3.7043e-14   3.6315e-13
   2.7931e+06   1.1527e-13   2.3074e-14   1.4369e-14   3.3658e-14   3.7031e-14   3.6361e-13
   2.8241e+06   1.1522e-13   2.3050e-14   1.4351e-14   3.3620e-14   3.7018e-14   3.6405e-13
   2.8553e+06   1.1516e-13   2.3026e-14   1.4333e-14   3.3583e-14   3.7005e-14   3.6450e-13
   2.8869e+06   1.1511e-13   2.3002e-14   1.4315e-14   3.3545e-14   3.6992e-14   3.6494e-13
   2.9189e+06   1.1506e-13   2.2978e-14   1.4297e-14   3.3507e-14   3.6979e-14   3.6537e-13
   2.9512e+06   1.1501e-13   2.2954e-14   1.4279e-14   3.3470e-14   3.6966e-14   3.6581e-13
   2.9839e+06   1.1497e-13   2.2930e-14   1.4261e-14   3.3433e-14   3.6952e-14   3.6624e-13
   3.0170e+06   1.1492e-13   2.2906e-14   1.4243e-14   3.3396e-14   3.6939e-14   3.6666e-13
   3.0504e+06   1.1488e-13   2.2882e-14   1.4225e-14   3.3359e-14   3.6925e-14   3.6709e-13
   3.0842e+06   1.1484e-13   2.2858e-14   1.4207e-14   3.3322e-14   3.6911e-14   3.6751e-13
   3.1183e+06   1.1480e-13   2.2834e-14   1.4190e-14   3.3285e-14   3.6897e-14   3.6793e-13
   3.1528e+06   1.1477e-13   2.2810e-14   1.4172e-14   3.3249e-14   3.6883e-14   3.6835e-13
   3.1878e+06   1.1473e-13   2.2786e-14   1.4155e-14   3.3212e-14   3.6870e-14   3.6876e-13
   3.2231e+06   1.1470e-13   2.2763e-14   1.4138e-14   3.3176e-14   3.6856e-14   3.6918e-13
   3.2587e+06   1.1467e-13   2.2739e-14   1.4120e-14   3.3141e-14   3.6842e-14   3.6959e-13
   3.2948e+06   1.1465e-13   2.2715e-14   1.4103e-14   3.3105e-14   3.6828e-14   3.7000e-13
   3.3313e+06   1.1462e-13   2.2692e-14   1.4087e-14   3.3070e-14   3.6814e-14   3.7041e-13
   3.3682e+06   1.1460e-13   2.2669e-14   1.4070e-14   3.3035e-14   3.6800e-14   3.7082e-13
   3.4055e+06   1.1458e-13   2.2645e-14   1.4053e-14   3.3001e-14   3.6787e-14   3.7123e-13
   3.4432e+06   1.1456e-13   2.2622e-14   1.4037e-14   3.2966e-14   3.6773e-14   3.7164e-13
   3.4814e+06   1.1455e-13   2.2599e-14   1.4020e-14   3.2933e-14   3.6760e-14   3.7204e-13
